;Exported by: ??????
;Date:        Tue Jul  3 22:51:12 2018
;File:        G:\?????? ???\?????? ? 1.6.1\???-3\????? ?????\???-3?.max
{Skeleton
	{animation
		{sequence "start" {speed 0.5}}
		{sequence "stop" {speed 0.5}}
		{sequence "fire" {speed 0.5}}
		{sequence "fire2" {speed 0.5}}
		{sequence "open" {speed 0.25} {resume}}
		{sequence "open_gunner" {speed 0.25} {resume}}
		{sequence "open_driver" {speed 0.25} {resume}}
		{sequence "open_gunner_l" {speed 0.25} {resume}}
		{sequence "open_gunner_r" {speed 0.25} {resume}}
		{sequence "open_desant_l" {speed 0.25} {resume}}
		{sequence "open_desant_r" {speed 0.25} {resume}}
		{sequence "open_otval" {resume}}
		{sequence "open_volnorez" {speed 0.8} {resume}}
		{sequence "fire_front" {speed 0.7}}
		{sequence "fire_left" {speed 0.7}}
		{sequence "fire_right" {speed 0.7}}
		{sequence "fire_back" {speed 0.7}}
	}
	{bone "basis"
		{parameters "Wheelradius=0.5;"}
		{Orientation
			1	0	0
			0	-1	0
			0	0	1
		}
		{bone "emit4"
			{Matrix34
				0.00488692	0.999988	0
				-0.999942	0.0048867	-0.00959906
				-0.00959895	4.69099e-05	0.999954
				11.9824	-52.9805	0
			}
			{visibility 0}
		}
		{bone "emit5"
			{Matrix34
				-0.00488725	-0.999988	0
				0.999942	-0.00488702	0.00959917
				-0.00959905	4.69121e-05	0.999954
				12.7514	54.6154	0
			}
			{visibility 0}
		}
		{bone "emit9"
			{Matrix34
				-0.00488725	-0.999988	0
				0.999942	-0.00488702	0.00959917
				-0.00959905	4.69121e-05	0.999954
				-21.9192	54.6155	0
			}
			{visibility 0}
		}
		{bone "emit8"
			{Matrix34
				0.00488692	0.999988	0
				-0.999942	0.0048867	-0.00959906
				-0.00959895	4.69099e-05	0.999954
				-22.6603	-52.9805	0
			}
			{visibility 0}
		}
		{bone "emit2"
			{Matrix34
				0.00488692	0.999988	0
				-0.999942	0.0048867	-0.00959906
				-0.00959895	4.69099e-05	0.999954
				41.41	-52.9805	0
			}
			{visibility 0}
		}
		{bone "emit1"
			{Matrix34
				-0.00488725	-0.999988	0
				0.999942	-0.00488702	0.00959917
				-0.00959905	4.69121e-05	0.999954
				42.1511	44.2842	0
			}
			{visibility 0}
		}
		{bone "wheelsr"
			{parameters "ID=trackright;"}
			{animation
				{sequence "repair" {file "trackR_r.anm"}}
			}
			{Matrix34
				0.00488692	0.999988	0
				-0.00959914	4.69108e-05	0.999954
				0.999942	-0.0048867	0.00959926
				3.05859	-20.7617	10.8146
			}
			{bone "trackr"
				{parameters "ID=trackright;"}
				{Matrix34
					0.00488721	-0.00959975	0.999942
					0.999988	3.20355e-05	-0.00488713
					1.48145e-05	0.999954	0.00959978
					-6.36364	7.11662	-3.47695
				}
				{VolumeView "trackr.ply"}
			}
			{bone prizmatic "suspension_r3"
				{limits -0.2 0.1}
				{speed 0.5}
				{Matrix34
					1	0	0
					0	-1.57235e-05	-1
					0	1	-1.57235e-05
					-0.863176	-2.7427	-0.362629
				}
				{bone revolute "wheelr4"
					{parameters "ID=trackright;"}
					{Matrix34
						0	-1	-1.57347e-05
						0	1.57356e-05	-1
						1	0	0
						-5.19791	-0.0523424	-0.0865359
					}
					{VolumeView "wheelr4.ply"}
				}
			}
			{bone prizmatic "suspension_r2"
				{limits -0.2 0.1}
				{speed 0.5}
				{Matrix34
					1	0	0
					0	-1.57235e-05	-1
					0	1	-1.57235e-05
					-0.765398	-2.93475	19.644
				}
				{bone revolute "wheelr3"
					{parameters "ID=trackright;"}
					{Matrix34
						0	-1	-1.57347e-05
						0	1.57356e-05	-1
						1	0	0
						-5.20039	0.338636	-0.0808449
					}
					{VolumeView "wheelr3.ply"}
				}
			}
			{bone prizmatic "suspension_r1"
				{limits -0.2 0.1}
				{speed 0.5}
				{Matrix34
					1	0	0
					0	-1.57235e-05	-1
					0	1	-1.57235e-05
					-0.691484	-3.07994	34.768
				}
				{bone revolute "wheelr2"
					{parameters "ID=trackright;"}
					{Matrix34
						0	-1	-1.57347e-05
						0	1.57356e-05	-1
						1	0	0
						-5.19976	0.115044	-0.0815129
					}
					{VolumeView "wheelr2.ply"}
				}
			}
			{bone prizmatic "suspension_r6"
				{limits -0.2 0.1}
				{speed 0.5}
				{Matrix34
					1	0	0
					0	-1.57235e-05	-1
					0	1	-1.57235e-05
					-1.09823	-2.28099	-48.459
				}
				{bone revolute "wheelr7"
					{parameters "ID=trackright;"}
					{Matrix34
						0	-1	-1.57347e-05
						0	1.57356e-05	-1
						1	0	0
						-5.19642	-0.069355	-0.091423
					}
					{VolumeView "wheelr7.ply"}
				}
			}
			{bone prizmatic "suspension_r5"
				{limits -0.2 0.1}
				{speed 0.5}
				{Matrix34
					1	0	0
					0	-1.57235e-05	-1
					0	1	-1.57235e-05
					-1.0123	-2.44978	-30.8751
				}
				{bone revolute "wheelr6"
					{parameters "ID=trackright;"}
					{Matrix34
						0	-1	-1.57347e-05
						0	1.57356e-05	-1
						1	0	0
						-5.19678	-0.0974197	-0.0899734
					}
					{VolumeView "wheelr6.ply"}
				}
			}
			{bone prizmatic "suspension_r4"
				{limits -0.2 0.1}
				{speed 0.5}
				{Matrix34
					1	0	0
					0	-1.57235e-05	-1
					0	1	-1.57235e-05
					-0.942369	-2.58714	-16.5671
				}
				{bone revolute "wheelr5"
					{parameters "ID=trackright;"}
					{Matrix34
						0	-1	-1.57347e-05
						0	1.57356e-05	-1
						1	0	0
						-5.1974	-0.058938	-0.0882158
					}
					{VolumeView "wheelr5.ply"}
				}
			}
		}
		{bone "wheelsl"
			{parameters "ID=trackleft;"}
			{animation
				{sequence "repair" {file "trackL_r.anm"}}
			}
			{Matrix34
				0.00488692	0.999988	0
				-0.00959914	4.69108e-05	0.999954
				0.999942	-0.0048867	0.00959926
				3.25384	19.1927	10.8146
			}
			{bone "trackl"
				{parameters "ID=trackleft;"}
				{Matrix34
					0.00488703	-0.0095993	0.999942
					0.999988	4.35114e-05	-0.00488684
					0	0.999954	0.0095994
					6.44412	6.66273	-3.48137
				}
				{VolumeView "trackl.ply"}
			}
			{bone prizmatic "suspension_l6"
				{limits -0.2 0.1}
				{speed 0.5}
				{Matrix34
					1	0	0
					0	-1.57235e-05	-1
					0	1	-1.57245e-05
					1.52581	-2.31029	-48.683
				}
				{bone revolute "wheell7"
					{parameters "ID=trackleft;"}
					{Matrix34
						0	-1	-1.57356e-05
						0	1.57356e-05	-1
						1	0	0
						5.32199	-0.0567894	-0.0598412
					}
					{VolumeView "wheell7.ply"}
				}
			}
			{bone prizmatic "suspension_l5"
				{limits -0.2 0.1}
				{speed 0.5}
				{Matrix34
					1	0	0
					0	-1.57235e-05	-1
					0	1	-1.57245e-05
					1.61239	-2.48034	-30.9688
				}
				{bone revolute "wheell6"
					{parameters "ID=trackleft;"}
					{Matrix34
						0	-1	-1.57356e-05
						0	1.57356e-05	-1
						1	0	0
						5.32083	0.0731106	-0.0568895
					}
					{VolumeView "wheell6.ply"}
				}
			}
			{bone prizmatic "suspension_l4"
				{limits -0.2 0.1}
				{speed 0.5}
				{Matrix34
					1	0	0
					0	-1.57235e-05	-1
					0	1	-1.57245e-05
					1.68183	-2.61674	-16.7601
				}
				{bone revolute "wheell5"
					{parameters "ID=trackleft;"}
					{Matrix34
						0	-1	-1.57356e-05
						0	1.57356e-05	-1
						1	0	0
						5.32091	-0.027441	-0.056448
					}
					{VolumeView "wheell5.ply"}
				}
			}
			{bone prizmatic "suspension_l3"
				{limits -0.2 0.1}
				{speed 0.5}
				{Matrix34
					1	0	0
					0	-1.57235e-05	-1
					0	1	-1.57245e-05
					1.76101	-2.77227	-0.558579
				}
				{bone revolute "wheell4"
					{parameters "ID=trackleft;"}
					{Matrix34
						0	-1	-1.57356e-05
						0	1.57356e-05	-1
						1	0	0
						5.3203	8.58307e-05	-0.0545816
					}
					{VolumeView "wheell4.ply"}
				}
			}
			{bone prizmatic "suspension_l2"
				{limits -0.2 0.1}
				{speed 0.5}
				{Matrix34
					1	0	0
					0	-1.57235e-05	-1
					0	1	-1.57245e-05
					1.858	-2.96279	19.2876
				}
				{bone revolute "wheell3"
					{parameters "ID=trackleft;"}
					{Matrix34
						0	-1	-1.57356e-05
						0	1.57356e-05	-1
						1	0	0
						5.31838	0.275711	-0.0500388
					}
					{VolumeView "wheell3.ply"}
				}
			}
			{bone prizmatic "suspension_l1"
				{limits -0.2 0.1}
				{speed 0.5}
				{Matrix34
					1	0	0
					0	-1.57235e-05	-1
					0	1	-1.57245e-05
					1.93236	-2.81083	34.5052
				}
				{bone revolute "wheell2"
					{parameters "ID=trackleft;"}
					{Matrix34
						0	-1	-1.57356e-05
						0	1.57356e-05	-1
						1	0	0
						5.31875	0.107281	-0.0501561
					}
					{VolumeView "wheell2.ply"}
				}
			}
		}
		{bone "fxtracer1"
			{Matrix34
				-0.999942	0.00488718	0.00959907
				-0.0048874	-0.999988	0
				0.00959895	-4.68698e-05	0.999954
				39.6373	-27.0946	1.05923
			}
		}
		{bone "fxtracer2"
			{Matrix34
				-0.968354	0.00473258	0.249535
				-0.00488716	-0.999988	0
				0.249532	-0.00121955	0.968366
				-47.9438	-26.9317	1.13342
			}
		}
		{bone "fxtracel2"
			{Matrix34
				-0.968354	0.00473258	0.249535
				-0.00488716	-0.999988	0
				0.249532	-0.00121955	0.968366
				-47.9384	26.1581	1.12858
			}
		}
		{bone "fxtracel1"
			{Matrix34
				-0.999942	0.00488718	0.00959907
				-0.0048874	-0.999988	0
				0.00959895	-4.68698e-05	0.999954
				39.6545	26.1627	1.09368
			}
		}
		{bone "fire_body_bone"
			{Position 1.99409	-0.275589	22.7212}
			{bone "body"
				{parameters "ID=body;"}
				{animation
					{sequence "repair" {file "body_r.anm"}}
				}
				{Matrix34
					0.00488656	0.999988	0
					-0.999942	0.00488634	-0.00959907
					-0.00959894	4.69087e-05	0.999954
					0	0	0
				}
				{VolumeView "body.ply"}
				{bone "volnorez1"
					{parameters "ID=body;"}
					{Matrix34
						0.00459185	-0.942921	0.332984
						0.999988	0.00488633	4.69237e-05
						-0.00167131	0.33298	0.942932
						0.3258	-63.7484	3.81161
					}
					{VolumeView "volnorez1.ply"}
					{bone "volnorez2"
						{parameters "ID=body;"}
						{Matrix34
							0.965926	0	-0.258819
							0	1	0
							0.258819	0	0.965926
							-2.46818	0.0117556	0.854313
						}
						{VolumeView "volnorez2.ply"}
						{bone "volnorez3"
							{parameters "ID=body;"}
							{Position 5.81422	-0.00432305	-3.63011}
							{VolumeView "volnorez3.ply"}
							{bone "volnorez4"
								{parameters "ID=body;"}
								{Matrix34
									0.996195	0	-0.0871558
									0	1	0
									0.0871557	0	0.996195
									-2.71832	0.0101205	-4.62355
								}
								{VolumeView "volnorez4.ply"}
							}
						}
					}
				}
				{bone "body_systems"
					{Matrix34
						0	-1	0
						1	0	0
						0	0	1
						5.71562	-42.6726	-2.56974
					}
				}
				{bone "fxsmoke2_"
					{Matrix34
						-0.976352	0.21255	0.0394831
						-0.213885	-0.97629	-0.0333357
						0.0314615	-0.0409923	0.998664
						-31.4964	62.1493	7.07595
					}
				}
				{bone "fxsmoke1"
					{Matrix34
						-0.995966	0.0709581	0.05492
						-0.0752045	-0.993989	-0.0795609
						0.048944	-0.0833702	0.995316
						-29.8492	50.0844	6.13743
					}
				}
				{bone "fxstop2"
					{Matrix34
						0	1	0
						-1	0	0
						0	0	1
						25.6644	69.823	11.7381
					}
				}
				{bone "fxstop1"
					{Matrix34
						0	1	0
						-1	0	0
						0	0	1
						-26.2848	69.823	11.7381
					}
				}
				{bone "setki"
					{Position -15.8708	41.4721	9.84525}
					{VolumeView "setki.ply"}
				}
				{bone revolute "wheelr9"
					{parameters "ID=trackright;"}
					{Matrix34
						0	-1	0
						5.24084e-05	0	-1
						1	0	5.24084e-05
						-25.4958	-26.467	-2.27424
					}
					{VolumeView "wheelr9.ply"}
				}
				{bone "cover_ganner_mgun_right"
					{parameters "ID=body;"}
					{Matrix34
						0.981443	-0.191752	0
						0.191752	0.981443	0
						0	0	1
						-19.3292	-39.0753	13.0783
					}
					{VolumeView "cover_ganner_mgun_right.ply"}
				}
				{bone "desant_cover_1_left"
					{parameters "ID=body;"}
					{Matrix34
						0.00488458	-0.999802	0.019273
						0.999988	0.0048864	4.70789e-05
						-0.000141245	0.0192726	0.999814
						12.9121	55.6824	13.8294
					}
					{VolumeView "desant_cover_1_left.ply"}
				}
				{bone "desant_cover_1_right"
					{parameters "ID=body;"}
					{Matrix34
						0.00488458	-0.999802	0.0192725
						0.999988	0.00488639	4.68464e-05
						-0.000140998	0.0192722	0.999814
						-13.4183	55.5539	13.8282
					}
					{VolumeView "desant_cover_1_right.ply"}
				}
				{bone "desant_cover_2_right"
					{parameters "ID=body;"}
					{Matrix34
						0.999959	1.49708e-05	0.00902021
						0.000101131	0.999917	-0.0128814
						-0.00901965	0.0128817	0.999876
						-13.5932	68.9785	6.2926
					}
					{VolumeView "desant_cover_2_right.ply"}
					{bone "tactical_decal3"
						{Matrix34
							-0.999815	-0.00511038	0.018554
							0.0186186	-0.01288	0.999744
							-0.00487023	0.999904	0.0129727
							5.70674	-0.0842361	1.23949
						}
						{VolumeView "tactical_decal3.ply"}
					}
				}
				{bone "desant_cover_2_left"
					{parameters "ID=body;"}
					{Matrix34
						0.999959	-1.44206e-05	-0.00902017
						-0.000101772	0.999917	-0.0128813
						0.00901962	0.0128818	0.999876
						13.0008	69.1228	6.29413
					}
					{VolumeView "desant_cover_2_left.ply"}
					{bone "enumerator5"
						{Matrix34
							-0.999987	-0.00496303	-0.00113774
							0.00497715	-0.999907	-0.0127342
							-0.00107443	-0.0127395	0.999918
							-5.31386	-0.132233	-3.44909
						}
						{VolumeView "enumerator5.ply"}
					}
				}
				{bone "interier"
					{Matrix34
						0.0048867	-0.999942	-0.00959895
						0.999988	0.00488647	4.69083e-05
						0	-0.00959907	0.999954
						0.189118	5.553	6.09226
					}
					{LODView
						{VolumeView "interier.ply"}
						{VolumeView "interier_lod1.ply"}
					}
				}
				{bone "visor2"
					{Matrix34
						0	-1	0
						1	0	0
						0	0	1
						-0.124975	-45.2156	12.9945
					}
				}
				{bone "headlightl"
					{Matrix34
						0	-1	0
						1	0	0
						0	0	1
						12.0662	-65.763	10.1688
					}
				}
				{bone "enumerator1"
					{Matrix34
						0.00496281	-0.999956	0.00794642
						0.999988	0.00496381	0.00010299
						-0.000142432	0.00794579	0.999968
						-29.767	-6.87418	4.43035
					}
					{VolumeView "enumerator1.ply"}
				}
				{bone "driver_cover"
					{Matrix34
						-0.229609	0.964934	0.127212
						-0.972696	-0.222961	-0.0644318
						-0.0338091	-0.138532	0.989781
						-6.86898	-36.916	12.8482
					}
					{VolumeView "driver_cover.ply"}
				}
				{bone revolute "wheell8"
					{parameters "ID=trackleft;"}
					{Matrix34
						0	-1	0
						0	0	-1
						1	0	0
						25.6238	61.0291	-4.49471
					}
					{VolumeView "wheell8.ply"}
					{bone "wheels_sh_l"
						{Matrix34
							1	0	0
							0	0	1
							0	-1	0
							0.0664482	0.0431499	3.61862
						}
						{VolumeView "wheels_sh_l.ply"}
					}
				}
				{bone revolute "wheell1"
					{parameters "ID=trackleft;"}
					{Matrix34
						0	-1	0
						0	0	-1
						1	0	0
						25.6979	-55.0184	-5.63246
					}
					{VolumeView "wheell1.ply"}
				}
				{bone revolute "wheelr8"
					{parameters "ID=trackright;"}
					{Matrix34
						0	-1	0
						0	0	-1
						1	0	0
						-26.2184	60.7702	-4.49716
					}
					{VolumeView "wheelr8.ply"}
					{bone "wheels_sh_r"
						{Matrix34
							-0.999816	-0.0191971	0
							0	0	-1
							0.0191972	-0.999816	0
							0.0968399	0.0439148	-3.72409
						}
						{VolumeView "wheels_sh_r.ply"}
					}
				}
				{bone revolute "wheelr1"
					{parameters "ID=trackright;"}
					{Matrix34
						0	-1	0
						0	0	-1
						1	0	0
						-25.1215	-55.2957	-5.68187
					}
					{VolumeView "wheelr1.ply"}
				}
				{bone "fxlight"
					{Matrix34
						0	-1	0
						1	0	0
						0	0	1
						0.635642	-65.7256	10.1898
					}
				}
				{bone "headlightr"
					{Matrix34
						0	-1	0
						1	0	0
						0	0	1
						-10.6494	-65.763	10.1729
					}
				}
				{bone revolute "wheell9"
					{parameters "ID=trackleft;"}
					{Matrix34
						0	-1	0
						5.24084e-05	0	-1
						1	0	5.24078e-05
						25.7493	-26.2089	-2.27186
					}
					{VolumeView "wheell9.ply"}
				}
				{bone revolute "wheelr10"
					{parameters "ID=trackright;"}
					{Matrix34
						0	-1	0
						5.24084e-05	0	-1
						1	0	5.24078e-05
						-25.6641	8.17287	-1.94106
					}
					{VolumeView "wheelr10.ply"}
				}
				{bone revolute "wheell10"
					{parameters "ID=trackleft;"}
					{Matrix34
						0	-1	0
						5.24084e-05	0	-1
						1	0	5.24078e-05
						25.581	8.431	-1.9386
					}
					{VolumeView "wheell10.ply"}
				}
				{bone revolute "wheelr11"
					{parameters "ID=trackright;"}
					{Matrix34
						0	-1	0
						5.24084e-05	0	-1
						1	0	5.24078e-05
						-25.8241	41.1016	-1.62873
					}
					{VolumeView "wheelr11.ply"}
				}
				{bone revolute "wheell11"
					{parameters "ID=trackleft;"}
					{Matrix34
						0	-1	0
						5.24084e-05	0	-1
						1	0	5.24078e-05
						25.4211	41.3597	-1.62628
					}
					{VolumeView "wheell11.ply"}
				}
				{bone "cover_ganner_mgun_left"
					{parameters "ID=body;"}
					{Matrix34
						0.972995	0.230826	0
						-0.230826	0.972995	0
						0	0	1
						19.8956	-39.0059	13.0606
					}
					{VolumeView "cover_ganner_mgun_left.ply"}
				}
				{bone "enumerator2"
					{Matrix34
						-0.00496272	0.999956	0.0079464
						-0.999988	-0.00496372	0.000102991
						0.000142431	-0.0079458	0.999968
						29.9072	-17.5413	4.32795
					}
					{VolumeView "enumerator1.ply"}
				}
				{bone "torsions"
					{parameters "ID=body;"}
					{Position 0	0	-0.000152588}
					{VolumeView "torsions.ply"}
				}
				{bone revolute "turret"
					{parameters "ID=turret;"}
					{animation
						{sequence "repair" {file "turret_r.anm"}}
					}
					{speed 0.01}
					{Matrix34
						0	-1	0
						1	0	0
						0	0	1
						0.225626	-8.70707	19.5624
					}
					{VolumeView "turret_bmp3m.ply"}
					{bone "visor1"
						{Position 7.72864	11.4702	5.61334}
					}
					{bone"foresight20"
						{Matrix34
							0.89978	-0.0450485	0.434013
							-0.43347	0.021702	0.900907
							-0.0500029	-0.998749	0
							8.23665	-17.7702	3.70776
						}
					}
					{bone "foresight21"
						{Matrix34
							0.897611	0.0605741	0.436607
							-0.436293	-0.0190114	0.899604
							0.0627939	-0.997983	0.00936337
							7.97089	18.2494	3.70284
						}
					}
					{bone "turret_systems"
						{Matrix34
							0.707107	0	0.707107
							0	-1	0
							0.707107	0	-0.707107
							-15.7445	0.635838	2.38448
						}
					}
					{bone "door_opt2"
						{Matrix34
							0.00560313	-0.999542	-0.0297524
							0.999982	0.00565888	-0.00179068
							0.00195824	-0.0297418	0.999556
							-1.14687	4.07201	5.60669
						}
						{VolumeView "door_opt2.ply"}
					}
					{bone "shell_luk"
						{parameters "ID=turret;"}
						{animation
							{sequence "repair" {file "turret_r.anm"}}
						}
						{Position -12.6566	0.778063	3.73104}
						{VolumeView "shell_luk.ply"}
					}
					{bone "entetier_turret2"
					{parameters "ID=turret;"}
						{Matrix34
							0.999942	0.00488661	-0.00959894
							-0.00488638	0.999988	4.69067e-05
							0.00959907	0	0.999954
							-13.7695	-0.0341058	-13.6323
						}
						{LODView
							{VolumeView "entetier_turret2.ply"}
							{VolumeView "entetier_turret2_lod1.ply"}
						}
						{bone "entetier_turret"
							{parameters "ID=turret;"}
							{Position 13.6985	0.0555387	-2.88909}
							{LODView
								{VolumeView "entetier_turret.ply"}
								{VolumeView "entetier_turret_lod1.ply"}
							}
						}
					}
					{bone "gunner_cover"
						{parameters "ID=turret;"}
						{animation
							{sequence "repair" {file "turret_r.anm"}}
						}
						{Position -2.20403	9.213	3.59723}
						{VolumeView "gunner_cover.ply"}
					}
					{bone "cw_panorama_basis"
						{Matrix34
							0.999942	0.00488661	-0.00959894
							-0.00488638	0.999988	4.69067e-05
							0.00959907	0	0.999954
							-6.83029	-7.92731	2.4642
						}
						{bone "cw_panorama"
							{bone "optika_panorama"
								{parameters "ID=turret;"}
								{Matrix34
									0.999942	-0.00488638	0.00959907
									0.00488661	0.999988	0
									-0.00959894	4.69067e-05	0.999954
									0.00564623	-2.3365e-05	-0.00268173
								}
								{VolumeView "optika_panorama.ply"}
								{bone revolute "ir_searchlight2"
									{Matrix34
										0.999969	0.00448073	-0.00639911
										-0.0064008	0.000362644	-0.99998
										-0.00447832	0.99999	0.000391311
										6.27042	0.0679698	7.58351
									}
									{VolumeView "ir_searchlight2.ply"}
								}
								{bone "com_cover"
									{parameters "ID=turret;"}
									{animation
										{sequence "repair" {file "turret_r.anm"}}
									}
									{Position 2.36093	-0.00477982	2.41257}
									{VolumeView "com_cover.ply"}
								}
								{bone "visor3"
									{Position 6.56796	0.0298533	2.87876}
								}
								{bone "fxfire3"
									{Matrix34
										0.00959891	0	0.999954
										-0.00488656	0.999988	4.69068e-05
										-0.999942	-0.00488679	0.00959878
										-1.76733	0.252864	1.2809
									}
								}
							}
						}
					}
					{bone "gun_up"
						{Matrix34
							0.999942	0.00488673	-0.00959895
							-0.0048865	0.999988	4.69067e-05
							0.00959907	0	0.999954
							12.6586	0.547162	-0.066597
						}
						{bone revolute "gun_rot"
							{parameters "ID=gun;"}
							{limits -60 5}
							{speed 0.01}
							{Matrix34
								0.999979	-0.00488656	-0.00436341
								-0.00436335	2.11593e-05	-0.99999
								0.00488661	0.999988	0
								0	-0.000124186	0
							}
							{VolumeView "gun_rot.ply"}
							{bone "foresight3"
								{Matrix34
									1	0	0
									0	0	1
									0	-1	0
									5.61363	-0.0348854	3.36135
								}
							}
							{bone "gun1"
								{parameters "ID=gun;"}
								{Position 52.0783	-0.233082	0.665348}
								{VolumeView "gun1.ply"}
								{bone "foresight1"
									{Matrix34
										1	0	0
										0	0	1
										0	-1	0
										-0.00958252	0.0134659	0.107102
									}
								}
							}
							{bone "gun2"
								{parameters "ID=gun2;"}
								{Matrix34
									-0.0048864	2.11597e-05	0.999988
									-0.00437894	-0.99999	0
									0.999978	-0.00437888	0.00488644
									35.4645	-0.155701	-2.94747
								}
								{VolumeView "gun2.ply"}
								{bone "foresight6"
									{Matrix34
										-0.00488687	-0.00437883	0.999979
										0.999988	0	0.00488689
										-2.0504e-05	0.999991	0.00437873
										0.0102963	0.0295601	7.07801
									}
								}
							}
						}
					}
					{bone "gun_recoil"
						{Matrix34
							0.999942	0.00488673	-0.00959895
							-0.0048865	0.999988	4.69067e-05
							0.00959907	0	0.999954
							8.95262	0.000805452	-32.6921
						}
					}
					{bone revolute "turret_bmp3m"
						{Position 0	5.13159e-05	1.14441e-05}
						{bone "optica_bmp3m_sh1"
							{Matrix34
								-0.337408	-0.94131	-0.00959897
								0.941353	-0.337424	4.69228e-05
								-0.00328306	-0.00902016	0.999954
								6.12375	7.51936	5.63353
							}
							{VolumeView "optica_bmp3m_sh1.ply"}
						}
						{bone "optica_bmp3m_sh2"
							{Matrix34
								-0.17845	0.983902	-0.00959896
								-0.983948	-0.178458	4.68893e-05
								-0.00166684	0.00945324	0.999954
								6.10705	14.8383	5.63633
							}
							{VolumeView "optica_bmp3m_sh2.ply"}
						}
						{bone "kaz_01"
							{Position 19.06	8.56542	1.81748}
							{VolumeView "kaz_01.ply"}
							{bone "kaz_shot_a_01"
								{parameters "id=d_a;"}
								{Matrix34
									0.261999	0.130257	0.956237
									-0.272844	0.96059	0.0531243
									-0.916214	-0.28011	0.286513
									0.0982895	0.0272264	0.527119
								}
							}
							{bone "kaz_shot_b_01"
								{parameters "id=d_a;"}
								{Matrix34
									0.71083	0.249448	-0.657644
									0.145938	0.923268	0.355356
									0.700839	-0.262607	0.663221
									22.1267	7.2049	24.4284
								}
							}
						}
						{bone "kaz_02"
							{Matrix34
								0.986714	0.162469	0
								-0.162469	0.986714	0
								0	0	1
								17.0814	12.533	1.83648
							}
							{VolumeView "kaz_02.ply"}
							{bone "kaz_shot_b_02"
								{parameters "id=d_a;"}
								{Matrix34
									0.71083	0.249448	-0.657644
									0.145938	0.923268	0.355356
									0.700839	-0.262607	0.663221
									22.1267	7.20486	24.4278
								}
							}
							{bone "kaz_shot_a_02"
								{parameters "id=d_a;"}
								{Matrix34
									0.261999	0.130257	0.956237
									-0.272844	0.96059	0.0531243
									-0.916214	-0.28011	0.286513
									0.0982151	0.0271502	0.526962
								}
							}
						}
						{bone "kaz_03"
							{Matrix34
								0.940419	0.340017	0
								-0.340017	0.940419	0
								0	0	1
								14.5606	15.9903	1.86068
							}
							{VolumeView "kaz_03.ply"}
							{bone "kaz_shot_b_03"
								{parameters "id=d_a;"}
								{Matrix34
									0.71083	0.249448	-0.657644
									0.145938	0.923268	0.355356
									0.700839	-0.262607	0.663221
									22.1267	7.20487	24.4278
								}
							}
							{bone "kaz_shot_a_03"
								{parameters "id=d_a;"}
								{Matrix34
									0.261999	0.130257	0.956237
									-0.272844	0.96059	0.0531242
									-0.916214	-0.280111	0.286513
									0.0982151	0.0271502	0.526962
								}
							}
						}
						{bone "kaz_04"
							{Matrix34
								0.813358	0.581763	0
								-0.581763	0.813358	0
								0	0	1
								11.2088	18.9978	1.89285
							}
							{VolumeView "kaz_04.ply"}
							{bone "kaz_shot_b_04"
								{parameters "id=d_a;"}
								{Matrix34
									0.71083	0.249448	-0.657644
									0.145938	0.923268	0.355356
									0.700839	-0.262607	0.663221
									22.1267	7.20487	24.4278
								}
							}
							{bone "kaz_shot_a_04"
								{parameters "id=d_a;"}
								{Matrix34
									0.261999	0.130257	0.956237
									-0.272844	0.96059	0.0531242
									-0.916214	-0.280111	0.286513
									0.0982132	0.0271502	0.526966
								}
							}
						}
						{bone "kaz_05"
							{Matrix34
								0.694397	0.719592	0
								-0.719592	0.694397	0
								0	0	1
								7.22988	21.0984	1.93105
							}
							{VolumeView "kaz_05.ply"}
							{bone "kaz_shot_b_05"
								{parameters "id=d_a;"}
								{Matrix34
									0.71083	0.249448	-0.657644
									0.145938	0.923268	0.355356
									0.700839	-0.262607	0.663221
									22.1267	7.20487	24.4278
								}
							}
							{bone "kaz_shot_a_05"
								{parameters "id=d_a;"}
								{Matrix34
									0.261999	0.130257	0.956237
									-0.272844	0.96059	0.0531243
									-0.916214	-0.280111	0.286513
									0.0982132	0.0271503	0.526962
								}
							}
						}
						{bone "kaz_06"
							{Matrix34
								0.524715	0.851278	0
								-0.851278	0.524716	0
								0	0	1
								2.81968	22.4907	1.97338
							}
							{VolumeView "kaz_06.ply"}
							{bone "kaz_shot_b_06"
								{parameters "id=d_a;"}
								{Matrix34
									0.71083	0.249448	-0.657644
									0.145938	0.923268	0.355356
									0.700839	-0.262607	0.663221
									22.1267	7.20487	24.4278
								}
							}
							{bone "kaz_shot_a_06"
								{parameters "id=d_a;"}
								{Matrix34
									0.261999	0.130257	0.956237
									-0.272844	0.96059	0.0531243
									-0.916214	-0.28011	0.286513
									0.0982132	0.0271508	0.526962
								}
							}
						}
						{bone "kaz_07"
							{Matrix34
								0.356346	0.934354	0
								-0.934354	0.356346	0
								0	0	1
								-1.75343	22.9609	2.01728
							}
							{VolumeView "kaz_07.ply"}
							{bone "kaz_shot_b_07"
								{parameters "id=d_a;"}
								{Matrix34
									0.71083	0.249448	-0.657644
									0.145938	0.923268	0.355356
									0.700839	-0.262607	0.663221
									22.1267	7.20487	24.4278
								}
							}
							{bone "kaz_shot_a_07"
								{parameters "id=d_a;"}
								{Matrix34
									0.261999	0.130257	0.956237
									-0.272844	0.96059	0.0531242
									-0.916214	-0.28011	0.286513
									0.0982132	0.0271497	0.526966
								}
							}
						}
						{bone "kaz_08"
							{Matrix34
								0.153272	0.988184	0
								-0.988184	0.153272	0
								0	0	1
								-6.49864	22.3799	2.06283
							}
							{VolumeView "kaz_08.ply"}
							{bone "kaz_shot_b_08"
								{parameters "id=d_a;"}
								{Matrix34
									0.71083	0.249448	-0.657644
									0.145938	0.923268	0.355356
									0.700839	-0.262607	0.663221
									22.1267	7.20486	24.4278
								}
							}
							{bone "kaz_shot_a_08"
								{parameters "id=d_a;"}
								{Matrix34
									0.261999	0.130257	0.956237
									-0.272844	0.96059	0.0531242
									-0.916214	-0.28011	0.286513
									0.0982132	0.0271499	0.526966
								}
							}
						}
						{bone "kaz_09"
							{Matrix34
								-0.0511189	0.998693	0
								-0.998693	-0.0511189	0
								0	0	1
								-10.7966	20.9515	2.10409
							}
							{VolumeView "kaz_09.ply"}
							{bone "kaz_shot_b_09"
								{parameters "id=d_a;"}
								{Matrix34
									0.71083	0.249448	-0.657644
									0.145938	0.923268	0.355356
									0.700839	-0.262607	0.663221
									22.1267	7.20486	24.4278
								}
							}
							{bone "kaz_shot_a_09"
								{parameters "id=d_a;"}
								{Matrix34
									0.261999	0.130257	0.956237
									-0.272844	0.96059	0.0531243
									-0.916214	-0.28011	0.286513
									0.0982151	0.0271499	0.526962
								}
							}
						}
						{bone "kaz_10"
							{Matrix34
								-0.251932	0.967745	0
								-0.967745	-0.251932	0
								0	0	1
								-14.8749	18.5993	2.14324
							}
							{VolumeView "kaz_10.ply"}
							{bone "kaz_shot_b_10"
								{parameters "id=d_a;"}
								{Matrix34
									0.71083	0.249448	-0.657644
									0.145938	0.923268	0.355356
									0.700839	-0.262607	0.663221
									22.1267	7.20486	24.4278
								}
							}
							{bone "kaz_shot_a_10"
								{parameters "id=d_a;"}
								{Matrix34
									0.261999	0.130257	0.956237
									-0.272844	0.960591	0.0531243
									-0.916214	-0.28011	0.286513
									0.0982132	0.0271497	0.526962
								}
							}
						}
						{bone "kaz_11"
							{Matrix34
								-0.47648	0.879186	0
								-0.879185	-0.47648	0
								0	0	1
								-18.3492	15.4734	2.17659
							}
							{VolumeView "kaz_11.ply"}
							{bone "kaz_shot_b_11"
								{parameters "id=d_a;"}
								{Matrix34
									0.71083	0.249448	-0.657644
									0.145938	0.923268	0.355356
									0.700839	-0.262607	0.663221
									22.1267	7.20486	24.4278
								}
							}
							{bone "kaz_shot_a_11"
								{parameters "id=d_a;"}
								{Matrix34
									0.261999	0.130257	0.956237
									-0.272844	0.96059	0.0531243
									-0.916214	-0.28011	0.286513
									0.0982132	0.0271501	0.526962
								}
							}
						}
						{bone "kaz_12"
							{Matrix34
								-0.643506	0.765441	0
								-0.76544	-0.643507	0
								0	0	1
								-20.8717	11.9836	2.20081
							}
							{VolumeView "kaz_12.ply"}
							{bone "kaz_shot_b_12"
								{parameters "id=d_a;"}
								{Matrix34
									0.71083	0.249448	-0.657644
									0.145938	0.923268	0.355356
									0.700839	-0.262607	0.663221
									22.1267	7.20485	24.4278
								}
							}
							{bone "kaz_shot_a_12"
								{parameters "id=d_a;"}
								{Matrix34
									0.261999	0.130257	0.956237
									-0.272844	0.96059	0.0531243
									-0.916214	-0.28011	0.286513
									0.0982132	0.0271492	0.526966
								}
							}
						}
						{bone "kaz_13"
							{Matrix34
								0.746762	-0.665092	0
								0.665091	0.746762	0
								0	0	1
								19.146	-8.19273	1.81666
							}
							{VolumeView "kaz_13.ply"}
							{bone "kaz_shot_a_13"
								{parameters "id=d_a;"}
								{Matrix34
									0.261999	0.130257	0.956237
									-0.272844	0.960591	0.0531243
									-0.916214	-0.28011	0.286513
									0.0982876	0.0272274	0.527111
								}
							}
							{bone "kaz_shot_b_13"
								{parameters "id=d_a;"}
								{Matrix34
									0.71083	0.249448	-0.657644
									0.145938	0.923268	0.355356
									0.700839	-0.262607	0.663221
									22.1267	7.2049	24.4284
								}
							}
						}
						{bone "kaz_14"
							{Matrix34
								0.628259	-0.778004	0
								0.778004	0.628259	0
								0	0	1
								17.2027	-12.196	1.83531
							}
							{VolumeView "kaz_14.ply"}
							{bone "kaz_shot_a_14"
								{parameters "id=d_a;"}
								{Matrix34
									0.261999	0.130257	0.956237
									-0.272844	0.96059	0.0531243
									-0.916214	-0.28011	0.286513
									0.0982876	0.0272274	0.527115
								}
							}
							{bone "kaz_shot_b_14"
								{parameters "id=d_a;"}
								{Matrix34
									0.71083	0.249448	-0.657644
									0.145938	0.923268	0.355356
									0.700839	-0.262607	0.663221
									22.1267	7.20489	24.4284
								}
							}
						}
						{bone "kaz_15"
							{Matrix34
								0.470591	-0.882351	0
								0.882351	0.470591	0
								0	0	1
								14.7142	-15.6881	1.8592
							}
							{VolumeView "kaz_15.ply"}
							{bone "kaz_shot_a_15"
								{parameters "id=d_a;"}
								{Matrix34
									0.261999	0.130257	0.956237
									-0.272845	0.96059	0.0531243
									-0.916214	-0.28011	0.286513
									0.0982895	0.0272264	0.527115
								}
							}
							{bone "kaz_shot_b_15"
								{parameters "id=d_a;"}
								{Matrix34
									0.71083	0.249447	-0.657644
									0.145938	0.923268	0.355356
									0.700839	-0.262607	0.663221
									22.1267	7.2049	24.4284
								}
							}
						}
						{bone "kaz_16"
							{Matrix34
								0.209373	-0.977836	0
								0.977836	0.209373	0
								0	0	1
								11.4039	-18.7361	1.89098
							}
							{VolumeView "kaz_16.ply"}
							{bone "kaz_shot_a_16"
								{parameters "id=d_a;"}
								{Matrix34
									0.261999	0.130257	0.956237
									-0.272844	0.96059	0.0531243
									-0.916214	-0.28011	0.286513
									0.0982895	0.0272255	0.527111
								}
							}
							{bone "kaz_shot_b_16"
								{parameters "id=d_a;"}
								{Matrix34
									0.71083	0.249447	-0.657644
									0.145938	0.923268	0.355356
									0.700839	-0.262607	0.663221
									22.1267	7.2049	24.4284
								}
							}
						}
						{bone "kaz_17"
							{Matrix34
								0.0382855	-0.999267	0
								0.999267	0.0382855	0
								0	0	1
								7.55933	-21.1179	1.92788
							}
							{VolumeView "kaz_17.ply"}
							{bone "kaz_shot_a_17"
								{parameters "id=d_a;"}
								{Matrix34
									0.261999	0.130257	0.956237
									-0.272844	0.96059	0.0531243
									-0.916214	-0.28011	0.286513
									0.0982914	0.0272255	0.527111
								}
							}
							{bone "kaz_shot_b_17"
								{parameters "id=d_a;"}
								{Matrix34
									0.710831	0.249448	-0.657644
									0.145938	0.923268	0.355356
									0.700839	-0.262607	0.663221
									22.1267	7.2049	24.4284
								}
							}
						}
						{bone "kaz_18"
							{Matrix34
								-0.166275	-0.986079	0
								0.986079	-0.166275	0
								0	0	1
								3.03699	-22.2773	1.97129
							}
							{VolumeView "kaz_18.ply"}
							{bone "kaz_shot_a_18"
								{parameters "id=d_a;"}
								{Matrix34
									0.261999	0.130257	0.956237
									-0.272844	0.96059	0.0531243
									-0.916214	-0.28011	0.286513
									0.0982895	0.0272274	0.527119
								}
							}
							{bone "kaz_shot_b_18"
								{parameters "id=d_a;"}
								{Matrix34
									0.71083	0.249448	-0.657644
									0.145938	0.923268	0.355356
									0.700839	-0.262607	0.663221
									22.1267	7.2049	24.4284
								}
							}
						}
						{bone "kaz_19"
							{Matrix34
								-0.354894	-0.934907	0
								0.934906	-0.354894	0
								0	0	1
								-1.35544	-22.7747	2.01346
							}
							{VolumeView "kaz_19.ply"}
							{bone "kaz_shot_a_19"
								{parameters "id=d_a;"}
								{Matrix34
									0.261999	0.130257	0.956237
									-0.272844	0.96059	0.0531243
									-0.916214	-0.28011	0.286513
									0.0982914	0.0272255	0.527111
								}
							}
							{bone "kaz_shot_b_19"
								{parameters "id=d_a;"}
								{Matrix34
									0.710831	0.249448	-0.657644
									0.145939	0.923268	0.355356
									0.700839	-0.262607	0.663221
									22.1267	7.2049	24.4284
								}
							}
						}
						{bone "kaz_20"
							{Matrix34
								-0.537002	-0.843581	0
								0.843581	-0.537002	0
								0	0	1
								-6.26787	-22.2536	2.06062
							}
							{VolumeView "kaz_20.ply"}
							{bone "kaz_shot_a_20"
								{parameters "id=d_a;"}
								{Matrix34
									0.261999	0.130257	0.956237
									-0.272844	0.96059	0.0531243
									-0.916214	-0.28011	0.286513
									0.0982895	0.0272255	0.527111
								}
							}
							{bone "kaz_shot_b_20"
								{parameters "id=d_a;"}
								{Matrix34
									0.71083	0.249448	-0.657644
									0.145938	0.923268	0.355356
									0.700839	-0.262607	0.663221
									22.1267	7.20491	24.4284
								}
							}
						}
						{bone "kaz_21"
							{Matrix34
								-0.700964	-0.713196	0
								0.713196	-0.700965	0
								0	0	1
								-10.5719	-20.8741	2.10193
							}
							{VolumeView "kaz_21.ply"}
							{bone "kaz_shot_a_21"
								{parameters "id=d_a;"}
								{Matrix34
									0.261999	0.130257	0.956237
									-0.272844	0.96059	0.0531242
									-0.916214	-0.280111	0.286513
									0.0982885	0.0272264	0.527115
								}
							}
							{bone "kaz_shot_b_21"
								{parameters "id=d_a;"}
								{Matrix34
									0.71083	0.249448	-0.657644
									0.145939	0.923268	0.355356
									0.700839	-0.262607	0.663221
									22.1267	7.20491	24.4284
								}
							}
						}
						{bone "kaz_22"
							{Matrix34
								-0.832169	-0.554522	0
								0.554521	-0.83217	0
								0	0	1
								-14.6786	-18.5509	2.14136
							}
							{VolumeView "kaz_22.ply"}
							{bone "kaz_shot_a_22"
								{parameters "id=d_a;"}
								{Matrix34
									0.261999	0.130257	0.956237
									-0.272844	0.96059	0.0531242
									-0.916214	-0.28011	0.286513
									0.0982895	0.0272255	0.527115
								}
							}
							{bone "kaz_shot_b_22"
								{parameters "id=d_a;"}
								{Matrix34
									0.710831	0.249448	-0.657644
									0.145939	0.923268	0.355356
									0.700839	-0.262607	0.663221
									22.1267	7.2049	24.4284
								}
							}
						}
						{bone "kaz_23"
							{Matrix34
								-0.937454	-0.348109	0
								0.348109	-0.937454	0
								0	0	1
								-18.1729	-15.4701	2.1749
							}
							{VolumeView "kaz_23.ply"}
							{bone "kaz_shot_a_23"
								{parameters "id=d_a;"}
								{Matrix34
									0.261999	0.130257	0.956237
									-0.272844	0.96059	0.0531243
									-0.916214	-0.28011	0.286513
									0.0982904	0.0272264	0.527115
								}
							}
							{bone "kaz_shot_b_23"
								{parameters "id=d_a;"}
								{Matrix34
									0.71083	0.249448	-0.657644
									0.145938	0.923268	0.355356
									0.700839	-0.262607	0.663221
									22.1267	7.2049	24.4284
								}
							}
						}
						{bone "kaz_24"
							{Matrix34
								-0.988155	-0.15346	0
								0.15346	-0.988155	0
								0	0	1
								-20.7107	-12.0194	2.19926
							}
							{VolumeView "kaz_24.ply"}
							{bone "kaz_shot_a_24"
								{parameters "id=d_a;"}
								{Matrix34
									0.261999	0.130257	0.956237
									-0.272844	0.960591	0.0531243
									-0.916214	-0.280111	0.286513
									0.0982904	0.0272264	0.527119
								}
							}
							{bone "kaz_shot_b_24"
								{parameters "id=d_a;"}
								{Matrix34
									0.71083	0.249448	-0.657644
									0.145938	0.923268	0.355356
									0.700839	-0.262607	0.663221
									22.1267	7.2049	24.4284
								}
							}
						}
					}
				}
				{bone "visor5"
					{Matrix34
						-0.168834	-0.985599	-0.00946125
						0.985645	-0.168826	-0.0016207
						0	-0.00959907	0.999954
						-16.6673	-42.3277	12.796
					}
				}
				{bone "visor4"
					{Matrix34
						0.178458	-0.983902	-0.00944497
						0.983948	0.17845	0.00171304
						0	-0.00959906	0.999954
						17.7907	-42.2092	12.7972
					}
				}
				{bone "otval"
					{parameters "ID=body;"}
					{Matrix34
						0.0048867	-0.999942	-0.00959893
						0.999988	0.00488647	4.69098e-05
						0	-0.00959907	0.999954
						0.246526	-49.5962	-11.8141
					}
					{VolumeView "otval.ply"}
				}
				{bone "vodomet2"
					{parameters "ID=body;"}
					{Matrix34
						0.762058	0.258388	0.59372
						-0.203828	0.966041	-0.158803
						-0.614591	0	0.788846
						17.224	69.2297	-6.22329
					}
					{VolumeView "vodomet2.ply"}
				}
				{bone "vodomet1"
					{parameters "ID=body;"}
					{Matrix34
						0.776905	-0.228691	-0.586616
						0.182508	0.973499	-0.137806
						0.602585	0	0.798054
						-17.7811	69.2224	-6.29577
					}
					{VolumeView "vodomet1.ply"}
				}
				{bone "vozdyhozabornic"
					{parameters "ID=body;"}
					{Matrix34
						0.0048867	-0.999942	-0.00959895
						0.999988	0.00488647	4.69089e-05
						0	-0.00959907	0.999954
						-24.729	34.1873	10.9834
					}
					{VolumeView "vozdyhozabornic.ply"}
				}
				{bone "tactical_decal"
					{Matrix34
						-0.00488637	0.999942	0.00959906
						0	-0.00959919	0.999954
