;Exported by: Cagya
;Date:        Fri Jan  5 22:55:37 2024
;File:        G:\?????? ???\?????? ? 1.6.1\???-3\????? ?????\???-3 ? ?? 2022.max
{Skeleton
	{animation
		{sequence "start" {speed 0.5}}
		{sequence "stop" {speed 0.5}}
		{sequence "fire" {speed 0.5}}
		{sequence "fire2" {speed 0.5}}
		{sequence "open" {speed 0.25} {resume}}
		{sequence "open_gunner" {speed 0.25} {resume}}
		{sequence "open_driver" {speed 0.25} {resume}}
		{sequence "open_gunner_l" {speed 0.25} {resume}}
		{sequence "open_gunner_r" {speed 0.25} {resume}}
		{sequence "open_desant_l" {speed 0.25} {resume}}
		{sequence "open_desant_r" {speed 0.25} {resume}}
		{sequence "fire_front" {speed 0.7}}
		{sequence "fire_left" {speed 0.7}}
		{sequence "fire_right" {speed 0.7}}
		{sequence "fire_back" {speed 0.7}}
	}
	{bone "basis"
		{parameters "Wheelradius=0.5;"}
		{Orientation
			1	0	0
			0	-1	0
			0	0	1
		}
		{bone "emit4"
			{Matrix34
				0.00488692	0.999988	0
				-0.999942	0.0048867	-0.00959906
				-0.00959895	4.69099e-05	0.999954
				11.9824	-59.5806	0
			}
			{visibility 0}
		}
		{bone "emit5"
			{Matrix34
				-0.00488725	-0.999988	0
				0.999942	-0.00488702	0.00959917
				-0.00959905	4.69121e-05	0.999954
				12.7514	59.1441	0
			}
			{visibility 0}
		}
		{bone "emit9"
			{Matrix34
				-0.00488725	-0.999988	0
				0.999942	-0.00488702	0.00959917
				-0.00959905	4.69121e-05	0.999954
				-21.9192	62.6009	0
			}
			{visibility 0}
		}
		{bone "emit8"
			{Matrix34
				0.00488692	0.999988	0
				-0.999942	0.0048867	-0.00959906
				-0.00959895	4.69099e-05	0.999954
				-22.6603	-61.6801	0
			}
			{visibility 0}
		}
		{bone "emit2"
			{Matrix34
				0.00488692	0.999988	0
				-0.999942	0.0048867	-0.00959906
				-0.00959895	4.69099e-05	0.999954
				46.9018	-50.5674	0
			}
			{visibility 0}
		}
		{bone "emit1"
			{Matrix34
				-0.00488725	-0.999988	0
				0.999942	-0.00488702	0.00959917
				-0.00959905	4.69121e-05	0.999954
				46.554	50.6837	0
			}
			{visibility 0}
		}
		{bone "wheelsr"
			{parameters "ID=trackright;"}
			{animation
				{sequence "repair" {file "trackR_r.anm"}}
			}
			{Matrix34
				0.00488692	0.999988	0
				-0.00959914	4.69108e-05	0.999954
				0.999942	-0.0048867	0.00959926
				3.05859	-20.7617	10.8146
			}
			{bone "trackr"
				{parameters "ID=trackright;"}
				{Matrix34
					0.00488721	-0.00959975	0.999942
					0.999988	3.20355e-05	-0.00488713
					1.48145e-05	0.999954	0.00959978
					-6.36364	7.11662	-3.47695
				}
				{VolumeView "trackr.ply"}
			}
			{bone prizmatic "suspension_r3"
				{limits -0.2 0.1}
				{speed 0.5}
				{Matrix34
					1	0	0
					0	-1.57235e-05	-1
					0	1	-1.57235e-05
					-0.863176	-2.7427	-0.362629
				}
				{bone revolute "wheelr4"
					{parameters "ID=trackright;"}
					{Matrix34
						0	-1	-1.57347e-05
						0	1.57356e-05	-1
						1	0	0
						-5.19791	-0.0523424	-0.0865359
					}
					{VolumeView "wheelr4.ply"}
				}
			}
			{bone prizmatic "suspension_r2"
				{limits -0.2 0.1}
				{speed 0.5}
				{Matrix34
					1	0	0
					0	-1.57235e-05	-1
					0	1	-1.57235e-05
					-0.765398	-2.93475	19.644
				}
				{bone revolute "wheelr3"
					{parameters "ID=trackright;"}
					{Matrix34
						0	-1	-1.57347e-05
						0	1.57356e-05	-1
						1	0	0
						-5.20039	0.338636	-0.0808449
					}
					{VolumeView "wheelr3.ply"}
				}
			}
			{bone prizmatic "suspension_r1"
				{limits -0.2 0.1}
				{speed 0.5}
				{Matrix34
					1	0	0
					0	-1.57235e-05	-1
					0	1	-1.57235e-05
					-0.691484	-3.07994	34.768
				}
				{bone revolute "wheelr2"
					{parameters "ID=trackright;"}
					{Matrix34
						0	-1	-1.57347e-05
						0	1.57356e-05	-1
						1	0	0
						-5.19976	0.115044	-0.0815129
					}
					{VolumeView "wheelr2.ply"}
				}
			}
			{bone prizmatic "suspension_r6"
				{limits -0.2 0.1}
				{speed 0.5}
				{Matrix34
					1	0	0
					0	-1.57235e-05	-1
					0	1	-1.57235e-05
					-1.09823	-2.28099	-48.459
				}
				{bone revolute "wheelr7"
					{parameters "ID=trackright;"}
					{Matrix34
						0	-1	-1.57347e-05
						0	1.57356e-05	-1
						1	0	0
						-5.19645	-0.0629158	-0.091361
					}
					{VolumeView "wheelr7.ply"}
				}
			}
			{bone prizmatic "suspension_r5"
				{limits -0.2 0.1}
				{speed 0.5}
				{Matrix34
					1	0	0
					0	-1.57235e-05	-1
					0	1	-1.57235e-05
					-1.0123	-2.44978	-30.8751
				}
				{bone revolute "wheelr6"
					{parameters "ID=trackright;"}
					{Matrix34
						0	-1	-1.57347e-05
						0	1.57356e-05	-1
						1	0	0
						-5.19678	-0.0974197	-0.0899734
					}
					{VolumeView "wheelr6.ply"}
				}
			}
			{bone prizmatic "suspension_r4"
				{limits -0.2 0.1}
				{speed 0.5}
				{Matrix34
					1	0	0
					0	-1.57235e-05	-1
					0	1	-1.57235e-05
					-0.942369	-2.58714	-16.5671
				}
				{bone revolute "wheelr5"
					{parameters "ID=trackright;"}
					{Matrix34
						0	-1	-1.57347e-05
						0	1.57356e-05	-1
						1	0	0
						-5.1974	-0.058938	-0.0882158
					}
					{VolumeView "wheelr5.ply"}
				}
			}
		}
		{bone "wheelsl"
			{parameters "ID=trackleft;"}
			{animation
				{sequence "repair" {file "trackL_r.anm"}}
			}
			{Matrix34
				0.00488692	0.999988	0
				-0.00959914	4.69108e-05	0.999954
				0.999942	-0.0048867	0.00959926
				3.25384	19.1927	10.8146
			}
			{bone "trackl"
				{parameters "ID=trackleft;"}
				{Matrix34
					0.00488703	-0.0095993	0.999942
					0.999988	4.35114e-05	-0.00488684
					0	0.999954	0.0095994
					6.44412	6.66273	-3.48137
				}
				{VolumeView "trackl.ply"}
			}
			{bone prizmatic "suspension_l6"
				{limits -0.2 0.1}
				{speed 0.5}
				{Matrix34
					1	0	0
					0	-1.57235e-05	-1
					0	1	-1.57245e-05
					1.52581	-2.31029	-48.683
				}
				{bone revolute "wheell7"
					{parameters "ID=trackleft;"}
					{Matrix34
						0	-1	-1.57356e-05
						0	1.57356e-05	-1
						1	0	0
						5.32199	-0.0567894	-0.0598412
					}
					{VolumeView "wheell7.ply"}
				}
			}
			{bone prizmatic "suspension_l5"
				{limits -0.2 0.1}
				{speed 0.5}
				{Matrix34
					1	0	0
					0	-1.57235e-05	-1
					0	1	-1.57245e-05
					1.61239	-2.48034	-30.9688
				}
				{bone revolute "wheell6"
					{parameters "ID=trackleft;"}
					{Matrix34
						0	-1	-1.57356e-05
						0	1.57356e-05	-1
						1	0	0
						5.32083	0.0731106	-0.0568895
					}
					{VolumeView "wheell6.ply"}
				}
			}
			{bone prizmatic "suspension_l4"
				{limits -0.2 0.1}
				{speed 0.5}
				{Matrix34
					1	0	0
					0	-1.57235e-05	-1
					0	1	-1.57245e-05
					1.68183	-2.61674	-16.7601
				}
				{bone revolute "wheell5"
					{parameters "ID=trackleft;"}
					{Matrix34
						0	-1	-1.57356e-05
						0	1.57356e-05	-1
						1	0	0
						5.32091	-0.027441	-0.056448
					}
					{VolumeView "wheell5.ply"}
				}
			}
			{bone prizmatic "suspension_l3"
				{limits -0.2 0.1}
				{speed 0.5}
				{Matrix34
					1	0	0
					0	-1.57235e-05	-1
					0	1	-1.57245e-05
					1.76101	-2.77227	-0.558579
				}
				{bone revolute "wheell4"
					{parameters "ID=trackleft;"}
					{Matrix34
						0	-1	-1.57356e-05
						0	1.57356e-05	-1
						1	0	0
						5.3203	8.58307e-05	-0.0545816
					}
					{VolumeView "wheell4.ply"}
				}
			}
			{bone prizmatic "suspension_l2"
				{limits -0.2 0.1}
				{speed 0.5}
				{Matrix34
					1	0	0
					0	-1.57235e-05	-1
					0	1	-1.57245e-05
					1.858	-2.96279	19.2876
				}
				{bone revolute "wheell3"
					{parameters "ID=trackleft;"}
					{Matrix34
						0	-1	-1.57356e-05
						0	1.57356e-05	-1
						1	0	0
						5.31838	0.275711	-0.0500388
					}
					{VolumeView "wheell3.ply"}
				}
			}
			{bone prizmatic "suspension_l1"
				{limits -0.2 0.1}
				{speed 0.5}
				{Matrix34
					1	0	0
					0	-1.57235e-05	-1
					0	1	-1.57245e-05
					1.93236	-2.81083	34.5052
				}
				{bone revolute "wheell2"
					{parameters "ID=trackleft;"}
					{Matrix34
						0	-1	-1.57356e-05
						0	1.57356e-05	-1
						1	0	0
						5.31875	0.107281	-0.0501561
					}
					{VolumeView "wheell2.ply"}
				}
			}
		}
		{bone "fxtracer1"
			{Matrix34
				-0.999942	0.00488718	0.00959907
				-0.0048874	-0.999988	0
				0.00959895	-4.68698e-05	0.999954
				39.6373	-27.0946	1.05923
			}
		}
		{bone "fxtracer2"
			{Matrix34
				-0.968354	0.00473258	0.249535
				-0.00488716	-0.999988	0
				0.249532	-0.00121955	0.968366
				-47.9438	-26.9317	1.13342
			}
		}
		{bone "fxtracel2"
			{Matrix34
				-0.968354	0.00473258	0.249535
				-0.00488716	-0.999988	0
				0.249532	-0.00121955	0.968366
				-47.9384	26.1581	1.12858
			}
		}
		{bone "fxtracel1"
			{Matrix34
				-0.999942	0.00488718	0.00959907
				-0.0048874	-0.999988	0
				0.00959895	-4.68698e-05	0.999954
				39.6545	26.1627	1.09368
			}
		}
		{bone "fire_body_bone"
			{Position 1.99409	-0.275589	22.7212}
			{bone "body"
				{parameters "ID=body;"}
				{animation
					{sequence "repair" {file "body_r.anm"}}
				}
				{Matrix34
					0.00488656	0.999988	0
					-0.999942	0.00488634	-0.00959907
					-0.00959894	4.69087e-05	0.999954
					0	0	0
				}
				{VolumeView "body.ply"}
				{bone "volnorez1"
					{parameters "ID=body;"}
					{Matrix34
						0.00459185	-0.942921	0.332984
						0.999988	0.00488633	4.69237e-05
						-0.00167131	0.33298	0.942932
						0.3258	-63.7484	3.81161
					}
					{VolumeView "volnorez1.ply"}
					{bone "volnorez2"
						{parameters "ID=body;"}
						{Matrix34
							0.965926	0	-0.258819
							0	1	0
							0.258819	0	0.965926
							-2.46818	0.0117556	0.854313
						}
						{VolumeView "volnorez2.ply"}
						{bone "volnorez3"
							{parameters "ID=body;"}
							{Position 5.81422	-0.00432305	-3.63011}
							{VolumeView "volnorez3.ply"}
							{bone "volnorez4"
								{parameters "ID=body;"}
								{Matrix34
									0.996195	0	-0.0871558
									0	1	0
									0.0871557	0	0.996195
									-2.71832	0.0101205	-4.62355
								}
								{VolumeView "volnorez4.ply"}
							}
						}
					}
				}
				{bone "body_systems"
					{Matrix34
						0	-1	0
						1	0	0
						0	0	1
						5.71562	-42.6726	-2.56974
					}
				}
				{bone "fxsmoke2_"
					{Matrix34
						-0.976352	0.21255	0.0394831
						-0.213885	-0.97629	-0.0333357
						0.0314615	-0.0409923	0.998664
						-31.4964	62.1493	7.07595
					}
				}
				{bone "fxsmoke1"
					{Matrix34
						-0.995966	0.0709581	0.05492
						-0.0752045	-0.993989	-0.0795609
						0.048944	-0.0833702	0.995316
						-29.8492	50.0844	6.13743
					}
				}
				{bone "fxstop2"
					{Matrix34
						0	1	0
						-1	0	0
						0	0	1
						25.6644	69.823	11.7381
					}
				}
				{bone "fxstop1"
					{Matrix34
						0	1	0
						-1	0	0
						0	0	1
						-26.2848	69.823	11.7381
					}
				}
				{bone "setki"
					{Position -15.8708	41.4721	9.84525}
					{VolumeView "setki.ply"}
				}
				{bone revolute "wheelr9"
					{parameters "ID=trackright;"}
					{Matrix34
						0	-1	0
						5.24084e-05	0	-1
						1	0	5.24084e-05
						-25.4958	-26.467	-2.27424
					}
					{VolumeView "wheelr9.ply"}
				}
				{bone "cover_ganner_mgun_right"
					{parameters "ID=body;"}
					{Matrix34
						0.981443	-0.191752	0
						0.191752	0.981443	0
						0	0	1
						-19.3292	-39.0753	13.0783
					}
					{VolumeView "cover_ganner_mgun_right.ply"}
				}
				{bone "desant_cover_1_left"
					{parameters "ID=body;"}
					{Matrix34
						0.00488458	-0.999802	0.019273
						0.999988	0.0048864	4.70789e-05
						-0.000141245	0.0192726	0.999814
						12.9121	55.6824	13.8294
					}
					{VolumeView "desant_cover_1_left.ply"}
				}
				{bone "desant_cover_1_right"
					{parameters "ID=body;"}
					{Matrix34
						0.00488458	-0.999802	0.0192725
						0.999988	0.00488639	4.68464e-05
						-0.000140998	0.0192722	0.999814
						-13.4183	55.5539	13.8282
					}
					{VolumeView "desant_cover_1_right.ply"}
				}
				{bone "desant_cover_2_right"
					{parameters "ID=body;"}
					{Matrix34
						0.999959	1.49708e-05	0.00902021
						0.000101131	0.999917	-0.0128814
						-0.00901965	0.0128817	0.999876
						-13.5932	68.9785	6.2926
					}
					{VolumeView "desant_cover_2_right.ply"}
					{bone "tactical_decal3"
						{Matrix34
							-0.999815	-0.00511038	0.018554
							0.0186186	-0.01288	0.999744
							-0.00487023	0.999904	0.0129727
							5.70674	-0.0842361	1.23949
						}
						{VolumeView "tactical_decal3.ply"}
					}
				}
				{bone "desant_cover_2_left"
					{parameters "ID=body;"}
					{Matrix34
						0.999959	-1.44206e-05	-0.00902017
						-0.000101772	0.999917	-0.0128813
						0.00901962	0.0128818	0.999876
						13.0008	69.1228	6.29413
					}
					{VolumeView "desant_cover_2_left.ply"}
					{bone "enumerator5"
						{Matrix34
							-0.999987	-0.00496303	-0.00113774
							0.00497715	-0.999907	-0.0127342
							-0.00107443	-0.0127395	0.999918
							-5.31386	-0.132233	-3.44909
						}
						{VolumeView "enumerator5.ply"}
					}
				}
				{bone "interier"
					{Matrix34
						0.0048867	-0.999942	-0.00959895
						0.999988	0.00488647	4.69083e-05
						0	-0.00959907	0.999954
						0.189118	5.553	6.09226
					}
					{LODView
						{VolumeView "interier.ply"}
						{VolumeView "interier_lod1.ply"}
					}
				}
				{bone "visor2"
					{Matrix34
						0	-1	0
						1	0	0
						0	0	1
						-0.124975	-45.2156	12.9945
					}
				}
				{bone "headlightl"
					{Matrix34
						0	-1	0
						1	0	0
						0	0	1
						12.0662	-65.763	10.1688
					}
				}
				{bone "driver_cover"
					{Matrix34
						-0.229609	0.964934	0.127212
						-0.972696	-0.222961	-0.0644318
						-0.0338091	-0.138532	0.989781
						-6.86898	-36.916	12.8482
					}
					{VolumeView "driver_cover.ply"}
				}
				{bone revolute "wheell8"
					{parameters "ID=trackleft;"}
					{Matrix34
						0	-1	0
						0	0	-1
						1	0	0
						25.6238	61.0291	-4.49471
					}
					{VolumeView "wheell8.ply"}
					{bone "wheels_sh_l"
						{Matrix34
							1	0	0
							0	0	1
							0	-1	0
							0.0664482	0.0431499	3.61862
						}
						{VolumeView "wheels_sh_l.ply"}
					}
				}
				{bone revolute "wheell1"
					{parameters "ID=trackleft;"}
					{Matrix34
						0	-1	0
						0	0	-1
						1	0	0
						25.6979	-55.0184	-5.63246
					}
					{VolumeView "wheell1.ply"}
				}
				{bone revolute "wheelr8"
					{parameters "ID=trackright;"}
					{Matrix34
						0	-1	0
						0	0	-1
						1	0	0
						-26.2184	60.7702	-4.49716
					}
					{VolumeView "wheelr8.ply"}
					{bone "wheels_sh_r"
						{Matrix34
							-0.999816	-0.0191971	0
							0	0	-1
							0.0191972	-0.999816	0
							0.0968399	0.0439148	-3.72409
						}
						{VolumeView "wheels_sh_r.ply"}
					}
				}
				{bone revolute "wheelr1"
					{parameters "ID=trackright;"}
					{Matrix34
						0	-1	0
						0	0	-1
						1	0	0
						-25.1215	-55.2957	-5.68187
					}
					{VolumeView "wheelr1.ply"}
				}
				{bone "fxlight"
					{Matrix34
						0	-1	0
						1	0	0
						0	0	1
						0.635642	-65.7256	10.1898
					}
				}
				{bone "headlightr"
					{Matrix34
						0	-1	0
						1	0	0
						0	0	1
						-10.6494	-65.763	10.1729
					}
				}
				{bone revolute "wheell9"
					{parameters "ID=trackleft;"}
					{Matrix34
						0	-1	0
						5.24084e-05	0	-1
						1	0	5.24078e-05
						25.7493	-26.2089	-2.27186
					}
					{VolumeView "wheell9.ply"}
				}
				{bone revolute "wheelr10"
					{parameters "ID=trackright;"}
					{Matrix34
						0	-1	0
						5.24084e-05	0	-1
						1	0	5.24078e-05
						-25.6641	8.17287	-1.94106
					}
					{VolumeView "wheelr10.ply"}
				}
				{bone revolute "wheell10"
					{parameters "ID=trackleft;"}
					{Matrix34
						0	-1	0
						5.24084e-05	0	-1
						1	0	5.24078e-05
						25.581	8.431	-1.9386
					}
					{VolumeView "wheell10.ply"}
				}
				{bone revolute "wheelr11"
					{parameters "ID=trackright;"}
					{Matrix34
						0	-1	0
						5.24084e-05	0	-1
						1	0	5.24078e-05
						-25.8241	41.1016	-1.62873
					}
					{VolumeView "wheelr11.ply"}
				}
				{bone revolute "wheell11"
					{parameters "ID=trackleft;"}
					{Matrix34
						0	-1	0
						5.24084e-05	0	-1
						1	0	5.24078e-05
						25.4211	41.3597	-1.62628
					}
					{VolumeView "wheell11.ply"}
				}
				{bone "cover_ganner_mgun_left"
					{parameters "ID=body;"}
					{Matrix34
						0.972995	0.230826	0
						-0.230826	0.972995	0
						0	0	1
						19.8956	-39.0059	13.0606
					}
					{VolumeView "cover_ganner_mgun_left.ply"}
				}
				{bone "link_bmp3_dz"
					{Matrix34
						0.00977304	-0.999768	-0.0191968
						0.999952	0.00977214	0.00014078
						4.68466e-05	-0.0191972	0.999816
						-0.687341	76.5709	-20.2567
					}
					{bone "shieldl2"
						{parameters "ID=shieldl2;"}
						{Matrix34
							-0.00488677	-0.999988	0
							-0.00959898	4.69085e-05	0.999954
							-0.999942	0.00488654	-0.00959911
							37.1124	31.7412	25.7446
						}
						{VolumeView "shieldl2.ply"}
						{bone "nera2"
							{parameters "ID=shieldl1;"}
							{Matrix34
								0	-1	0
								0	0	1
								-1	0	0
								-7.00328	7.16195	15.0082
							}
							{VolumeView "nera2.ply"}
						}
					}
					{bone "shieldr1"
						{parameters "ID=shieldR1;"}
						{Matrix34
							0.00488725	0.999988	0
							-0.00959895	4.69129e-05	0.999954
							-0.999942	0.00488702	-0.00959908
							38.1858	-31.6181	25.7579
						}
						{VolumeView "shieldr1.ply"}
						{bone "nera1"
							{parameters "ID=shieldR2;"}
							{Matrix34
								0.00488721	-0.00959904	-0.999942
								0.999988	4.47929e-05	0.00488701
								0	0.999954	-0.00959914
								-7.00346	7.16214	15.0083
							}
							{VolumeView "nera1.ply"}
						}
					}
					{bone "fxsmoke2_dz"
						{Matrix34
							-0.998489	0.0459734	0.0301003
							-0.0449857	-0.998452	0.0327112
							0.0315575	0.0313076	0.999012
							14.1535	-30.7717	28.202
						}
					}
					{bone "fxsmoke1_dz"
						{Matrix34
							-0.354874	-0.131164	0.925668
							0.180014	-0.981169	-0.0700159
							0.91742	0.141787	0.371803
							25.8846	-30.3578	27.3794
						}
					}
					{bone "shieldr2"
						{parameters "ID=shieldR;"}
						{Matrix34
							0.999942	-0.00488638	0.00959907
							0.00488661	0.999988	0
							-0.00959894	4.69053e-05	0.999954
							128.256	-27.8025	26.356
						}
						{VolumeView "shieldr2.ply"}
						{bone "d_a1"
							{parameters "id=d_a;"}
							{Position 2.71037	-7.42925	-2.40921}
							{VolumeView "d_a1.ply"}
						}
						{bone "d_a2"
							{parameters "id=d_a;"}
							{Position -2.97109	-7.45702	-2.35472}
							{VolumeView "d_a2.ply"}
						}
						{bone "d_a3"
							{parameters "id=d_a;"}
							{Position -8.63271	-7.48469	-2.30033}
							{VolumeView "d_a3.ply"}
						}
						{bone "d_a4"
							{parameters "id=d_a;"}
							{Position 8.38425	-7.40159	-2.46369}
							{VolumeView "d_a4.ply"}
						}
					}
					{bone "shieldl1"
						{parameters "ID=shieldL;"}
						{Matrix34
							0.999942	-0.00488638	0.00959907
							0.00488661	0.999988	0
							-0.00959894	4.69053e-05	0.999954
							128.558	27.6788	26.3591
						}
						{VolumeView "shieldl1.ply"}
						{bone "d_a5"
							{parameters "id=d_a;"}
							{Matrix34
								0.999952	0.00977254	0
								0.0097727	-0.999952	-9.39367e-05
								0	-9.39364e-05	1
								-3.01368	7.42079	-2.35419
							}
							{VolumeView "d_a5.ply"}
						}
						{bone "d_a6"
							{parameters "id=d_a;"}
							{Matrix34
								0.999952	0.00977254	0
								0.0097727	-0.999952	-9.39367e-05
								0	-9.39364e-05	1
								-8.6753	7.39322	-2.29983
							}
							{VolumeView "d_a6.ply"}
						}
						{bone "d_a7"
							{parameters "id=d_a;"}
							{Matrix34
								0.999952	0.00977254	0
								0.0097727	-0.999952	-9.39367e-05
								0	-9.39364e-05	1
								2.6675	7.44864	-2.40871
							}
							{VolumeView "d_a7.ply"}
						}
						{bone "d_a8"
							{parameters "id=d_a;"}
							{Matrix34
								0.999952	0.00977254	0
								0.0097727	-0.999952	-9.39367e-05
								0	-9.39364e-05	1
								8.34147	7.47632	-2.4632
							}
							{VolumeView "d_a8.ply"}
						}
					}
					{bone "shieldl10"
						{parameters "ID=shieldL;"}
						{Matrix34
							0.999942	-0.00488638	0.00959907
							0.00488661	0.999988	0
							-0.00959894	4.69054e-05	0.999954
							46.329	29.8703	27.7282
						}
						{VolumeView "shieldl10.ply"}
						{bone "d_a9"
							{parameters "id=d_a;"}
							{Matrix34
								0.999952	0.00977262	0
								0.00977262	-0.999952	-9.39368e-05
								0	-9.39363e-05	1
								5.68719	5.28514	-0.144356
							}
							{VolumeView "d_a9.ply"}
						}
						{bone "d_a10"
							{parameters "id=d_a;"}
							{Matrix34
								0.999952	0.00977262	0
								0.00977262	-0.999952	-9.39368e-05
								0	-9.39363e-05	1
								0.000957489	5.2572	-0.0898304
							}
							{VolumeView "d_a10.ply"}
						}
						{bone "d_a11"
							{parameters "id=d_a;"}
							{Matrix34
								0.999952	0.00977262	0
								0.00977262	-0.999952	-9.39368e-05
								0	-9.39364e-05	1
								-5.67995	5.22948	-0.0352974
							}
							{VolumeView "d_a11.ply"}
						}
					}
					{bone "shieldl9"
						{parameters "ID=shieldL;"}
						{Matrix34
							0.999942	-0.00488638	0.00959907
							0.00488661	0.999988	0
							-0.00959894	4.69054e-05	0.999954
							63.4115	29.8706	27.7318
						}
						{VolumeView "shieldl9.ply"}
						{bone "d_a12"
							{parameters "id=d_a;"}
							{Matrix34
								0.999952	0.00977262	0
								0.00977262	-0.999952	-9.39368e-05
								0	-9.39363e-05	1
								-0.0689926	5.2567	-0.0927105
							}
							{VolumeView "d_a12.ply"}
						}
						{bone "d_a13"
							{parameters "id=d_a;"}
							{Matrix34
								0.999952	0.00977262	0
								0.00977262	-0.999952	-9.39368e-05
								0	-9.39364e-05	1
								-5.71347	5.22894	-0.0385857
							}
							{VolumeView "d_a13.ply"}
						}
						{bone "d_a14"
							{parameters "id=d_a;"}
							{Matrix34
								0.999952	0.00977262	0
								0.00977262	-0.999952	-9.39368e-05
								0	-9.39364e-05	1
								5.61194	5.28427	-0.147194
							}
							{VolumeView "d_a14.ply"}
							{bone "tactical_decal2dz"
								{Matrix34
									-0.999768	-0.00977193	0.0191968
									0.019196	0.0001877	0.999816
									0.00977372	-0.999952	0
									0.0187263	-3.94748	1.67837
								}
								{VolumeView "tactical_decal2dz.ply"}
							}
						}
					}
					{bone "shieldl8"
						{parameters "ID=shieldL;"}
						{Matrix34
							0.999942	-0.00488638	0.00959907
							0.00488661	0.999988	0
							-0.00959894	4.69054e-05	0.999954
							80.4485	29.871	27.7353
						}
						{VolumeView "shieldl8.ply"}
						{bone "d_a15"
							{parameters "id=d_a;"}
							{Matrix34
								0.999952	0.00977262	0
								0.00977262	-0.999952	-9.39368e-05
								0	-9.39364e-05	1
								-0.0568328	5.25648	-0.0962639
							}
							{VolumeView "d_a15.ply"}
							{bone "enumerator007"
								{Matrix34
									-0.999742	-0.00969768	0.0205569
									-0.00969468	0.999953	0.000244716
									0.0205583	-4.53612e-05	0.999789
									-0.0156941	-3.87423	1.683
								}
								{VolumeView "enumerator007.ply"}
							}
						}
						{bone "d_a16"
							{parameters "id=d_a;"}
							{Matrix34
								0.999952	0.00977262	0
								0.00977262	-0.999952	-9.39368e-05
								0	-9.39363e-05	1
								-5.73767	5.22872	-0.0418205
							}
							{VolumeView "d_a16.ply"}
							{bone "enumerator008"
								{Matrix34
									-0.999742	-0.00969769	0.0205569
									-0.00969467	0.999953	0.000244716
									0.0205583	-4.53609e-05	0.999789
									0.138444	-3.91682	1.80441
								}
								{VolumeView "enumerator008.ply"}
							}
						}
						{bone "d_a17"
							{parameters "id=d_a;"}
							{Matrix34
								0.999952	0.00977262	0
								0.00977262	-0.999952	-9.39368e-05
								0	-9.39363e-05	1
								5.607	5.28406	-0.150656
							}
							{VolumeView "d_a17.ply"}
							{bone "enumerator006"
								{Matrix34
									-0.999742	-0.00969769	0.0205569
									-0.00969467	0.999953	0.000244716
									0.0205583	-4.53609e-05	0.999789
									0.0121241	-3.87753	1.55033
								}
								{VolumeView "enumerator006.ply"}
							}
						}
					}
					{bone "shieldl7"
						{parameters "ID=shieldL;"}
						{Matrix34
							0.999942	-0.00488638	0.00959907
							0.00488661	0.999988	0
							-0.00959894	4.69054e-05	0.999954
							97.4828	29.8712	27.7388
						}
						{VolumeView "shieldl7.ply"}
						{bone "d_a18"
							{parameters "id=d_a;"}
							{Matrix34
								0.999952	0.00977262	0
								0.00977262	-0.999952	-9.39368e-05
								0	-9.39363e-05	1
								-0.0591373	5.25603	-0.0997734
							}
							{VolumeView "d_a18.ply"}
						}
						{bone "d_a19"
							{parameters "id=d_a;"}
							{Matrix34
								0.999952	0.00977262	0
								0.00977262	-0.999952	-9.39368e-05
								0	-9.39364e-05	1
								-5.74553	5.22823	-0.0452461
							}
							{VolumeView "d_a19.ply"}
						}
						{bone "d_a20"
							{parameters "id=d_a;"}
							{Matrix34
								0.999952	0.00977262	0
								0.00977262	-0.999952	-9.39368e-05
								0	-9.39364e-05	1
								5.62168	5.28379	-0.154396
							}
							{VolumeView "d_a20.ply"}
						}
					}
					{bone "shieldl3"
						{parameters "ID=shieldL;"}
						{Matrix34
							0.999942	-0.00488638	0.00959907
							0.00488661	0.999988	0
							-0.00959894	4.69054e-05	0.999954
							111.674	29.8712	26.3542
						}
						{VolumeView "shieldl3.ply"}
						{bone "d_a21"
							{parameters "id=d_a;"}
							{Matrix34
								0.999952	0.00977262	0
								0.00977262	-0.999952	-9.39368e-05
								0	-9.39363e-05	1
								2.68039	5.23863	-0.15646
							}
							{VolumeView "d_a21.ply"}
						}
						{bone "d_a22"
							{parameters "id=d_a;"}
							{Matrix34
								0.999952	0.00977262	0
								0.00977262	-0.999952	-9.39368e-05
								0	-9.39363e-05	1
								-2.78466	5.21191	-0.104048
							}
							{VolumeView "d_a22.ply"}
						}
					}
					{bone "shieldr10"
						{parameters "ID=shieldR;"}
						{Matrix34
							0.999942	-0.00488638	0.00959907
							0.00488661	0.999988	0
							-0.00959894	4.69053e-05	0.999954
							46.0029	-29.9952	27.7251
						}
						{VolumeView "shieldr10.ply"}
						{bone "d_a23"
							{parameters "id=d_a;"}
							{Position 5.73176	-5.23544	-0.144861}
							{VolumeView "d_a23.ply"}
						}
						{bone "d_a24"
							{parameters "id=d_a;"}
							{Position 0.0455379	-5.26293	-0.090292}
							{VolumeView "d_a24.ply"}
						}
						{bone "d_a25"
							{parameters "id=d_a;"}
							{Position -5.63524	-5.2907	-0.0358047}
							{VolumeView "d_a25.ply"}
						}
					}
					{bone "shieldr3"
						{parameters "ID=shieldR;"}
						{Matrix34
							0.999942	-0.00488638	0.00959907
							0.00488661	0.999988	0
							-0.00959894	4.69053e-05	0.999954
							63.0838	-29.9957	27.7286
						}
						{VolumeView "shieldr3.ply"}
						{bone "d_a26"
							{parameters "id=d_a;"}
							{Position -0.0226116	-5.26297	-0.0931473}
							{VolumeView "d_a26.ply"}
						}
						{bone "d_a27"
							{parameters "id=d_a;"}
							{Position -5.66718	-5.29037	-0.0389786}
							{VolumeView "d_a27.ply"}
						}
						{bone "d_a28"
							{parameters "id=d_a;"}
							{Position 5.65831	-5.23503	-0.147633}
							{VolumeView "d_a28.ply"}
							{bone "enumerator003"
								{Matrix34
									0.999997	7.62845e-05	0.00258303
									-7.64436e-05	1	5.529e-05
									-0.00258302	-5.54883e-05	0.999997
									0.121818	-3.82607	1.88225
								}
								{VolumeView "enumerator003.ply"}
							}
						}
					}
					{bone "shieldr9"
						{parameters "ID=shieldR;"}
						{Matrix34
							0.999942	-0.00488638	0.00959907
							0.00488661	0.999988	0
							-0.00959894	4.69053e-05	0.999954
							80.1208	-29.9957	27.7321
						}
						{VolumeView "shieldr9.ply"}
						{bone "d_a29"
							{parameters "id=d_a;"}
							{Position -0.010479	-5.26288	-0.0967026}
							{VolumeView "d_a29.ply"}
							{bone "enumerator005"
								{Matrix34
									0.999997	7.62845e-05	0.00258303
									-7.64436e-05	1	5.529e-05
									-0.00258302	-5.54883e-05	0.999997
									-0.0209293	-3.86658	1.93707
								}
								{VolumeView "enumerator005.ply"}
							}
						}
						{bone "d_a30"
							{parameters "id=d_a;"}
							{Position -5.69132	-5.29064	-0.0423088}
							{VolumeView "d_a30.ply"}
							{bone "enumerator004"
								{Matrix34
									0.999997	7.62854e-05	0.00258303
									-7.64449e-05	1	5.52899e-05
									-0.00258302	-5.54884e-05	0.999997
									0.130075	-3.82249	1.91237
								}
								{VolumeView "enumerator004.ply"}
							}
						}
						{bone "d_a31"
							{parameters "id=d_a;"}
							{Position 5.65339	-5.23521	-0.151096}
							{VolumeView "d_a31.ply"}
							{bone "tactical_decal1dz"
								{Matrix34
									0.999816	0	0.0191972
									-0.0191973	9.38839e-05	0.999816
									0	-1	9.38761e-05
									-0.0153599	-3.87096	1.84553
								}
								{VolumeView "tactical_decal1dz.ply"}
							}
						}
					}
					{bone "shieldr8"
						{parameters "ID=shieldR;"}
						{Matrix34
							0.999942	-0.00488638	0.00959907
							0.00488661	0.999988	0
							-0.00959894	4.69053e-05	0.999954
							97.1579	-30.0024	27.7356
						}
						{VolumeView "shieldr8.ply"}
						{bone "d_a32"
							{parameters "id=d_a;"}
							{Position -0.0156231	-5.2562	-0.100214}
							{VolumeView "d_a32.ply"}
						}
						{bone "d_a33"
							{parameters "id=d_a;"}
							{Position -5.70209	-5.28388	-0.0457745}
							{VolumeView "d_a33.ply"}
						}
						{bone "d_a34"
							{parameters "id=d_a;"}
							{Position 5.66515	-5.22853	-0.154837}
							{VolumeView "d_a34.ply"}
						}
					}
					{bone "shieldr7"
						{parameters "ID=shieldR;"}
						{Matrix34
							0.999942	-0.00488638	0.00959907
							0.00488661	0.999988	0
							-0.00959894	4.69053e-05	0.999954
							111.351	-29.9962	26.3511
						}
						{VolumeView "shieldr7.ply"}
						{bone "d_a35"
							{parameters "id=d_a;"}
							{Position 2.72263	-5.21796	-0.156933}
							{VolumeView "d_a35.ply"}
						}
						{bone "d_a36"
							{parameters "id=d_a;"}
							{Position -2.74256	-5.24473	-0.104481}
							{VolumeView "d_a36.ply"}
						}
					}
					{bone "sh_dz_kaktus"
						{parameters "ID=body;"}
						{Matrix34
							0.837597	-0.00409346	-0.546274
							0.00488708	0.999988	0
							0.546267	-0.00266969	0.837607
							145.255	-17.9068	25.6141
						}
						{VolumeView "sh_dz_kaktus.ply"}
						{bone "d_a40"
							{parameters "id=d_a;"}
							{Matrix34
								0	1	0
								-1	0	0
								0	0	1
								4.32774	17.739	0.0110855
							}
							{VolumeView "d_a40.ply"}
						}
						{bone "d_a41"
							{parameters "id=d_a;"}
							{Matrix34
								0	1	0
								-1	0	0
								0	0	1
								4.32774	23.5898	0.0110855
							}
							{VolumeView "d_a41.ply"}
						}
						{bone "d_a42"
							{parameters "id=d_a;"}
							{Matrix34
								0	1	0
								-1	0	0
								0	0	1
								4.32774	29.4697	0.0110931
							}
							{VolumeView "d_a42.ply"}
						}
						{bone "d_a43"
							{parameters "id=d_a;"}
							{Matrix34
								0	1	0
								-1	0	0
								0	0	1
								4.32774	35.2723	0.0110931
							}
							{VolumeView "d_a43.ply"}
						}
						{bone "d_a37"
							{parameters "id=d_a;"}
							{Matrix34
								0	1	0
								-1	0	0
								0	0	1
								4.32774	0.115078	0.0110931
							}
							{VolumeView "d_a37.ply"}
						}
						{bone "d_a38"
							{parameters "id=d_a;"}
							{Matrix34
								0	1	0
								-1	0	0
								0	0	1
								4.32774	5.99045	0.0110931
							}
							{VolumeView "d_a38.ply"}
						}
						{bone "d_a39"
							{parameters "id=d_a;"}
							{Matrix34
								0	1	0
								-1	0	0
								0	0	1
								4.32774	11.8866	0.0110855
							}
							{VolumeView "d_a39.ply"}
						}
					}
					{bone "d_a44"
						{parameters "id=d_a;"}
						{Matrix34
							0.00488672	0.999988	0
							-0.93494	0.00456901	-0.354776
							-0.354772	0.00173372	0.934951
							141.447	-27.2871	25.689
						}
						{VolumeView "d_a44.ply"}
					}
					{bone "d_a45"
						{parameters "id=d_a;"}
						{Matrix34
							0.00488672	0.999988	0
							-0.93494	0.00456901	-0.354776
							-0.354772	0.00173372	0.934951
							141.714	27.3734	25.689
						}
						{VolumeView "d_a45.ply"}
					}
				}
				{bone "torsions"
					{parameters "ID=body;"}
					{Position 0	0	-0.000152588}
					{VolumeView "torsions.ply"}
				}
				{bone revolute "turret"
					{parameters "ID=turret;"}
					{animation
						{sequence "repair" {file "turret_r.anm"}}
					}
					{speed 0.01}
					{Matrix34
						0	-1	0
						1	0	0
						0	0	1
						0.225626	-8.70707	19.5624
					}
					{VolumeView "turret.ply"}
					{bone "visor1"
						{Position 6.90726	9.82027	5.62122}
					}
					{bone "turret_systems"
						{Matrix34
							0.707107	0	0.707106
							0	-1	0
							0.707106	0	-0.707107
							-15.7445	0.635838	2.38416
						}
					}
					{bone "door_opt2"
						{Matrix34
							0.00560363	-0.999542	-0.0297523
							0.999982	0.00565851	-0.00179068
							0.00195824	-0.0297419	0.999556
							-1.14687	4.072	5.60641
						}
						{VolumeView "door_opt2.ply"}
					}
					{bone "shell_luk"
						{parameters "ID=turret;"}
						{animation
							{sequence "repair" {file "turret_r.anm"}}
						}
						{Position -12.6566	0.778061	3.73088}
						{VolumeView "shell_luk.ply"}
					}
					{bone "entetier_turret2"
						{Matrix34
							0.999942	0.00488673	-0.00959894
							-0.0048865	0.999988	4.69078e-05
							0.00959907	0	0.999954
							-13.7695	-0.0341058	-13.6325
						}
						{LODView
							{VolumeView "entetier_turret2.ply"}
							{VolumeView "entetier_turret2_lod1.ply"}
						}
						{bone "entetier_turret"
							{Position 13.6985	0.0555387	-2.88909}
							{LODView
								{VolumeView "entetier_turret.ply"}
								{VolumeView "entetier_turret_lod1.ply"}
							}
						}
					}
					{bone "gunner_cover"
						{parameters "ID=turret;"}
						{animation
							{sequence "repair" {file "turret_r.anm"}}
						}
						{Position -2.20405	9.213	3.59693}
						{VolumeView "gunner_cover.ply"}
					}
					{bone "cw_panorama_basis"
						{Matrix34
							0.999942	0.00488673	-0.00959894
							-0.0048865	0.999988	4.69078e-05
							0.00959907	0	0.999954
							-6.83029	-7.9273	2.46389
						}
						{bone "cw_panorama"
							{bone "optika_panorama"
								{parameters "ID=turret;"}
								{Matrix34
									0.999942	-0.00488638	0.00959907
									0.00488661	0.999988	0
									-0.00959894	4.69067e-05	0.999954
									0.00564623	-2.3365e-05	-0.00268173
								}
								{VolumeView "optika_panorama.ply"}
								{bone "com_cover"
									{parameters "ID=turret;"}
									{animation
										{sequence "repair" {file "turret_r.anm"}}
									}
									{Position 2.36093	-0.00477934	2.41257}
									{VolumeView "com_cover.ply"}
								}
								{bone "visor3"
									{Position 6.56796	0.0298529	2.87876}
								}
								{bone "fxfire3"
									{Matrix34
										0.0095989	0	0.999954
										-0.00488656	0.999988	4.69069e-05
										-0.999942	-0.00488679	0.00959878
										-1.76733	0.252865	1.2809
									}
								}
								{bone revolute "ir_searchlight2"
									{Matrix34
										0.999969	0.00448073	-0.00639911
										-0.0064008	0.000362644	-0.99998
										-0.00447832	0.99999	0.000391311
										6.27042	0.0679698	7.58351
									}
									{VolumeView "ir_searchlight2.ply"}
								}
							}
						}
					}
					{bone "gun_up"
						{Matrix34
							0.999942	0.00488673	-0.00959902
							-0.0048865	0.999988	4.69662e-05
							0.00959905	0	0.999954
							12.6586	0.54716	-0.0669022
						}
						{bone revolute "gun_rot"
							{parameters "ID=gun;"}
							{limits -60 5}
							{speed 0.01}
							{Matrix34
								0.999979	-0.00488655	-0.0043635
								-0.00436326	2.10103e-05	-0.99999
								0.00488662	0.999988	0
								0	-0.000124186	0
							}
							{VolumeView "gun_rot.ply"}
							{bone "foresight3"
								{Matrix34
									1	0	0
									0	0	1
									0	-1	0
									5.61363	-0.0348854	3.36135
								}
							}
							{bone "gun1"
								{parameters "ID=gun;"}
								{Position 52.0783	-0.233078	0.665349}
								{VolumeView "gun1.ply"}
								{bone "foresight1"
									{Matrix34
										1	0	0
										0	0	1
										0	-1	0
										-0.00958252	0.0134659	0.107102
									}
								}
							}
							{bone "gun2"
								{parameters "ID=gun2;"}
								{Matrix34
									-0.00488639	2.10107e-05	0.999988
									-0.00437902	-0.99999	0
									0.999979	-0.00437879	0.00488646
									35.4645	-0.155701	-2.94747
								}
								{VolumeView "gun2.ply"}
								{bone "foresight6"
									{Matrix34
										-0.00488686	-0.00437891	0.999979
										0.999988	0	0.00488691
										-2.0355e-05	0.999991	0.00437864
										0.0102963	0.0295563	7.07801
									}
								}
							}
						}
					}
					{bone "gun_recoil"
						{Matrix34
							0.999942	0.00488673	-0.00959894
							-0.0048865	0.999988	4.69067e-05
							0.00959907	0	0.999954
							8.95254	0.000806049	-32.6921
						}
					}
					{bone "sodema"
						{parameters "ID=turret;"}
						{Matrix34
							-0.999999	0	0.00117603
							0	-1	1.44447e-05
							-0.00134022	1.87569e-05	0.999999
							3.0904	10.1093	6.25969
						}
						{VolumeView "sodema.ply"}
						{bone "optika_sh2"
							{parameters "ID=turret;"}
							{Matrix34
								-0.342017	0.939694	0
								-0.939692	-0.342023	0
								0	0	1
								-2.91703	-2.74907	-0.860409
							}
							{VolumeView "optika_sh2.ply"}
						}
						{bone "optika_sh1"
							{parameters "ID=turret;"}
							{Matrix34
								-0.342017	-0.939694	0
								0.939691	-0.342023	0
								0	0	1
								-2.91665	2.77783	-0.860485
							}
							{VolumeView "optika_sh1.ply"}
						}
					}
					{bone "fix_turret_bmp3m"
						{parameters "ID=shield_3m;"}
						{Matrix34
							0.999942	0.00488671	-0.00959906
							0.00959918	0	0.999954
							-0.00488648	0.999988	4.68908e-05
							-11.4971	-0.0270297	1.63992
						}
						{VolumeView "fix_turret_bmp3m.ply"}
						{bone "fix2_turret_bmp3m"
							{parameters "ID=shield_3m;"}
							{Position -10.7448	0	-11.3416}
							{VolumeView "fix2_turret_bmp3m.ply"}
						}
						{bone "nera25"
							{parameters "ID=shield_3m;"}
							{Matrix34
								1	0	0
								0	1	0
								0	0	-1
								10.5691	-2.07479	21.6401
							}
							{VolumeView "nera25.ply"}
						}
						{bone "nera26"
							{parameters "ID=shield_3m;"}
							{Matrix34
								1	0	0
								0	1	0
								0	0	-1
								10.5691	-2.07479	-21.6632
							}
							{VolumeView "nera26.ply"}
						}
						{bone "nera22"
							{parameters "ID=shield_3m;"}
							{Matrix34
								1	0	0
								0	1	0
								0	0	-1
								-11.639	-2.07479	-16.5606
							}
							{VolumeView "nera22.ply"}
						}
						{bone "nera23"
							{parameters "ID=shield_3m;"}
							{Matrix34
								1	0	0
								0	1	0
								0	0	-1
								-18.4429	-2.07479	-0.00414658
							}
							{VolumeView "nera23.ply"}
						}
						{bone "nera24"
							{parameters "ID=shield_3m;"}
							{Matrix34
								1	0	0
								0	1	0
								0	0	-1
								-11.639	-2.07479	16.5374
							}
							{VolumeView "nera24.ply"}
						}
					}
					{bone "smoke_guns_back"
						{parameters "id=turret;"}
						{Matrix34
							0.999942	0.00488673	-0.00959895
							-0.0048865	0.999988	4.69067e-05
							0.00959907	0	0.999954
							-23.1325	-3.15876	-0.840847
						}
						{VolumeView "smoke_guns_back.ply"}
						{bone revolute "foresight20"
							{limits -20 20}
							{speed 2}
							{Matrix34
								0.603385	-0.00454652	0.797437
								0.00333516	0.999989	0.00317778
								-0.797443	0.000742053	0.603394
								5.1392	-8.54041	4.60638
							}
						}
						{bone revolute "foresight21_reserve"
							{limits -20 20}
							{speed 2}
							{Matrix34
								0.603385	-0.00454652	0.797437
								0.00333516	0.999989	0.00317778
								-0.797443	0.000742053	0.603394
								2.98693	-4.57046	4.60638
							}
						}
					}
				}
				{bone "visor5"
					{Matrix34
						-0.168834	-0.985599	-0.00946125
						0.985645	-0.168826	-0.0016207
						0	-0.00959907	0.999954
						-16.6673	-42.3277	12.796
					}
				}
				{bone "visor4"
					{Matrix34
						0.178458	-0.983902	-0.00944497
						0.983948	0.17845	0.00171304
						0	-0.00959906	0.999954
						17.7907	-42.2092	12.7972
					}
				}
				{bone "otval"
					{parameters "ID=body;"}
					{Matrix34
						0.0048867	-0.999942	-0.00959893
