;Exported by: Cagya
;Date:        Fri Jan  5 21:28:30 2024
;File:        G:\?????? ???\?????? ? 1.6.1\???-3\????? ?????\???-3 ? ????????.max
{Skeleton
	{animation
		{sequence "start" {speed 0.5}}
		{sequence "stop" {speed 0.5}}
		{sequence "fire" {speed 0.5}}
		{sequence "fire2" {speed 0.5}}
		{sequence "open" {speed 0.25} {resume}}
		{sequence "open_gunner" {speed 0.25} {resume}}
		{sequence "open_driver" {speed 0.25} {resume}}
		{sequence "open_gunner_l" {speed 0.25} {resume}}
		{sequence "open_gunner_r" {speed 0.25} {resume}}
		{sequence "open_desant_l" {speed 0.25} {resume}}
		{sequence "open_desant_r" {speed 0.25} {resume}}
		{sequence "open_otval" {resume}}
		{sequence "open_volnorez" {speed 0.8} {resume}}
		{sequence "fire_front" {speed 0.7}}
		{sequence "fire_left" {speed 0.7}}
		{sequence "fire_right" {speed 0.7}}
		{sequence "fire_back" {speed 0.7}}
	}
	{bone "basis"
		{parameters "Wheelradius=0.5;"}
		{Orientation
			1	0	0
			0	-1	0
			0	0	1
		}
		{bone "emit4"
			{Matrix34
				0.00488692	0.999988	0
				-0.999942	0.0048867	-0.00959906
				-0.00959895	4.69099e-05	0.999954
				11.9824	-55.3461	0
			}
			{visibility 0}
		}
		{bone "emit5"
			{Matrix34
				-0.00488725	-0.999988	0
				0.999942	-0.00488702	0.00959917
				-0.00959905	4.69121e-05	0.999954
				11.3167	54.9639	0
			}
			{visibility 0}
		}
		{bone "emit9"
			{Matrix34
				-0.00488725	-0.999988	0
				0.999942	-0.00488702	0.00959917
				-0.00959905	4.69121e-05	0.999954
				-21.9192	54.6155	0
			}
			{visibility 0}
		}
		{bone "emit8"
			{Matrix34
				0.00488692	0.999988	0
				-0.999942	0.0048867	-0.00959906
				-0.00959895	4.69099e-05	0.999954
				-22.6603	-52.9805	0
			}
			{visibility 0}
		}
		{bone "emit2"
			{Matrix34
				0.00488692	0.999988	0
				-0.999942	0.0048867	-0.00959906
				-0.00959895	4.69099e-05	0.999954
				41.41	-45.747	0
			}
			{visibility 0}
		}
		{bone "emit1"
			{Matrix34
				-0.00488725	-0.999988	0
				0.999942	-0.00488702	0.00959917
				-0.00959905	4.69121e-05	0.999954
				42.1511	44.9523	0
			}
			{visibility 0}
		}
		{bone "wheelsr"
			{parameters "ID=trackright;"}
			{animation
				{sequence "repair" {file "trackR_r.anm"}}
			}
			{Matrix34
				0.00488692	0.999988	0
				-0.00959914	4.69108e-05	0.999954
				0.999942	-0.0048867	0.00959926
				3.05859	-20.7617	10.8146
			}
			{bone "trackr"
				{parameters "ID=trackright;"}
				{Matrix34
					0.00488721	-0.00959975	0.999942
					0.999988	3.20355e-05	-0.00488713
					1.48145e-05	0.999954	0.00959978
					-6.36364	7.11662	-3.47695
				}
				{VolumeView "trackr.ply"}
			}
			{bone prizmatic "suspension_r3"
				{limits -0.2 0.1}
				{speed 0.5}
				{Matrix34
					1	0	0
					0	-1.57235e-05	-1
					0	1	-1.57235e-05
					-0.863176	-2.7427	-0.362629
				}
				{bone revolute "wheelr4"
					{parameters "ID=trackright;"}
					{Matrix34
						0	-1	-1.57347e-05
						0	1.57356e-05	-1
						1	0	0
						-5.19791	-0.0523424	-0.0865359
					}
					{VolumeView "wheelr4.ply"}
				}
			}
			{bone prizmatic "suspension_r2"
				{limits -0.2 0.1}
				{speed 0.5}
				{Matrix34
					1	0	0
					0	-1.57235e-05	-1
					0	1	-1.57235e-05
					-0.765398	-2.93475	19.644
				}
				{bone revolute "wheelr3"
					{parameters "ID=trackright;"}
					{Matrix34
						0	-1	-1.57347e-05
						0	1.57356e-05	-1
						1	0	0
						-5.20039	0.338636	-0.0808449
					}
					{VolumeView "wheelr3.ply"}
				}
			}
			{bone prizmatic "suspension_r1"
				{limits -0.2 0.1}
				{speed 0.5}
				{Matrix34
					1	0	0
					0	-1.57235e-05	-1
					0	1	-1.57235e-05
					-0.691484	-3.07994	34.768
				}
				{bone revolute "wheelr2"
					{parameters "ID=trackright;"}
					{Matrix34
						0	-1	-1.57347e-05
						0	1.57356e-05	-1
						1	0	0
						-5.19976	0.115044	-0.0815129
					}
					{VolumeView "wheelr2.ply"}
				}
			}
			{bone prizmatic "suspension_r6"
				{limits -0.2 0.1}
				{speed 0.5}
				{Matrix34
					1	0	0
					0	-1.57235e-05	-1
					0	1	-1.57235e-05
					-1.09823	-2.28099	-48.459
				}
				{bone revolute "wheelr7"
					{parameters "ID=trackright;"}
					{Matrix34
						0	-1	-1.57347e-05
						0	1.57356e-05	-1
						1	0	0
						-5.19645	-0.0629158	-0.091361
					}
					{VolumeView "wheelr7.ply"}
				}
			}
			{bone prizmatic "suspension_r5"
				{limits -0.2 0.1}
				{speed 0.5}
				{Matrix34
					1	0	0
					0	-1.57235e-05	-1
					0	1	-1.57235e-05
					-1.0123	-2.44978	-30.8751
				}
				{bone revolute "wheelr6"
					{parameters "ID=trackright;"}
					{Matrix34
						0	-1	-1.57347e-05
						0	1.57356e-05	-1
						1	0	0
						-5.19678	-0.0974197	-0.0899734
					}
					{VolumeView "wheelr6.ply"}
				}
			}
			{bone prizmatic "suspension_r4"
				{limits -0.2 0.1}
				{speed 0.5}
				{Matrix34
					1	0	0
					0	-1.57235e-05	-1
					0	1	-1.57235e-05
					-0.942369	-2.58714	-16.5671
				}
				{bone revolute "wheelr5"
					{parameters "ID=trackright;"}
					{Matrix34
						0	-1	-1.57347e-05
						0	1.57356e-05	-1
						1	0	0
						-5.1974	-0.058938	-0.0882158
					}
					{VolumeView "wheelr5.ply"}
				}
			}
		}
		{bone "wheelsl"
			{parameters "ID=trackleft;"}
			{animation
				{sequence "repair" {file "trackL_r.anm"}}
			}
			{Matrix34
				0.00488692	0.999988	0
				-0.00959914	4.69108e-05	0.999954
				0.999942	-0.0048867	0.00959926
				3.25384	19.1927	10.8146
			}
			{bone "trackl"
				{parameters "ID=trackleft;"}
				{Matrix34
					0.00488703	-0.0095993	0.999942
					0.999988	4.35114e-05	-0.00488684
					0	0.999954	0.0095994
					6.44412	6.66273	-3.48137
				}
				{VolumeView "trackl.ply"}
			}
			{bone prizmatic "suspension_l6"
				{limits -0.2 0.1}
				{speed 0.5}
				{Matrix34
					1	0	0
					0	-1.57235e-05	-1
					0	1	-1.57245e-05
					1.52581	-2.31029	-48.683
				}
				{bone revolute "wheell7"
					{parameters "ID=trackleft;"}
					{Matrix34
						0	-1	-1.57356e-05
						0	1.57356e-05	-1
						1	0	0
						5.32199	-0.0567894	-0.0598412
					}
					{VolumeView "wheell7.ply"}
				}
			}
			{bone prizmatic "suspension_l5"
				{limits -0.2 0.1}
				{speed 0.5}
				{Matrix34
					1	0	0
					0	-1.57235e-05	-1
					0	1	-1.57245e-05
					1.61239	-2.48034	-30.9688
				}
				{bone revolute "wheell6"
					{parameters "ID=trackleft;"}
					{Matrix34
						0	-1	-1.57356e-05
						0	1.57356e-05	-1
						1	0	0
						5.32083	0.0731106	-0.0568895
					}
					{VolumeView "wheell6.ply"}
				}
			}
			{bone prizmatic "suspension_l4"
				{limits -0.2 0.1}
				{speed 0.5}
				{Matrix34
					1	0	0
					0	-1.57235e-05	-1
					0	1	-1.57245e-05
					1.68183	-2.61674	-16.7601
				}
				{bone revolute "wheell5"
					{parameters "ID=trackleft;"}
					{Matrix34
						0	-1	-1.57356e-05
						0	1.57356e-05	-1
						1	0	0
						5.32091	-0.027441	-0.056448
					}
					{VolumeView "wheell5.ply"}
				}
			}
			{bone prizmatic "suspension_l3"
				{limits -0.2 0.1}
				{speed 0.5}
				{Matrix34
					1	0	0
					0	-1.57235e-05	-1
					0	1	-1.57245e-05
					1.76101	-2.77227	-0.558579
				}
				{bone revolute "wheell4"
					{parameters "ID=trackleft;"}
					{Matrix34
						0	-1	-1.57356e-05
						0	1.57356e-05	-1
						1	0	0
						5.3203	8.58307e-05	-0.0545816
					}
					{VolumeView "wheell4.ply"}
				}
			}
			{bone prizmatic "suspension_l2"
				{limits -0.2 0.1}
				{speed 0.5}
				{Matrix34
					1	0	0
					0	-1.57235e-05	-1
					0	1	-1.57245e-05
					1.858	-2.96279	19.2876
				}
				{bone revolute "wheell3"
					{parameters "ID=trackleft;"}
					{Matrix34
						0	-1	-1.57356e-05
						0	1.57356e-05	-1
						1	0	0
						5.31838	0.275711	-0.0500388
					}
					{VolumeView "wheell3.ply"}
				}
			}
			{bone prizmatic "suspension_l1"
				{limits -0.2 0.1}
				{speed 0.5}
				{Matrix34
					1	0	0
					0	-1.57235e-05	-1
					0	1	-1.57245e-05
					1.93236	-2.81083	34.5052
				}
				{bone revolute "wheell2"
					{parameters "ID=trackleft;"}
					{Matrix34
						0	-1	-1.57356e-05
						0	1.57356e-05	-1
						1	0	0
						5.31875	0.107281	-0.0501561
					}
					{VolumeView "wheell2.ply"}
				}
			}
		}
		{bone "fxtracer1"
			{Matrix34
				-0.999942	0.00488718	0.00959907
				-0.0048874	-0.999988	0
				0.00959895	-4.68698e-05	0.999954
				39.6373	-27.0946	1.05923
			}
		}
		{bone "fxtracer2"
			{Matrix34
				-0.968354	0.00473258	0.249535
				-0.00488716	-0.999988	0
				0.249532	-0.00121955	0.968366
				-47.9438	-26.9317	1.13342
			}
		}
		{bone "fxtracel2"
			{Matrix34
				-0.968354	0.00473258	0.249535
				-0.00488716	-0.999988	0
				0.249532	-0.00121955	0.968366
				-47.9384	26.1581	1.12858
			}
		}
		{bone "fxtracel1"
			{Matrix34
				-0.999942	0.00488718	0.00959907
				-0.0048874	-0.999988	0
				0.00959895	-4.68698e-05	0.999954
				39.6545	26.1627	1.09368
			}
		}
		{bone "fire_body_bone"
			{Position 1.99409	-0.275589	22.7212}
			{bone "body"
				{parameters "ID=body;"}
				{animation
					{sequence "repair" {file "body_r.anm"}}
				}
				{Matrix34
					0.00488656	0.999988	0
					-0.999942	0.00488634	-0.00959907
					-0.00959894	4.69087e-05	0.999954
					0	0	0
				}
				{VolumeView "body.ply"}
				{bone "volnorez1"
					{parameters "ID=body;"}
					{Matrix34
						0.00459185	-0.942921	0.332984
						0.999988	0.00488633	4.69237e-05
						-0.00167131	0.33298	0.942932
						0.3258	-63.7484	3.81161
					}
					{VolumeView "volnorez1.ply"}
					{bone "volnorez2"
						{parameters "ID=body;"}
						{Matrix34
							0.965926	0	-0.258819
							0	1	0
							0.258819	0	0.965926
							-2.46818	0.0117556	0.854313
						}
						{VolumeView "volnorez2.ply"}
						{bone "volnorez3"
							{parameters "ID=body;"}
							{Position 5.81422	-0.00432305	-3.63011}
							{VolumeView "volnorez3.ply"}
							{bone "volnorez4"
								{parameters "ID=body;"}
								{Matrix34
									0.996195	0	-0.0871558
									0	1	0
									0.0871557	0	0.996195
									-2.71832	0.0101205	-4.62355
								}
								{VolumeView "volnorez4.ply"}
								{bone "era_fix_front"
									{parameters "ID=body;"}
									{Matrix34
										1	0	0
										0	0	1
										0	1	0
										6.8041	0.179727	6.0562
									}
									{VolumeView "era_fix_front.ply"}
									{bone "nera19"
										{parameters "ID=sh_3m;"}
										{Matrix34
											0	0	-1
											0.555037	0.831826	0
											0.831826	-0.555037	0
											0.94783	-1.65043	19.0917
										}
										{VolumeView "nera19.ply"}
									}
									{bone "nera17"
										{parameters "ID=sh_3m;"}
										{Matrix34
											0	0	1
											0.555037	0.831826	0
											0.831826	-0.555037	0
											0.94783	-1.65044	-19.0688
										}
										{VolumeView "nera17.ply"}
									}
									{bone "nera18"
										{parameters "ID=sh_3m;"}
										{Matrix34
											0	0	1
											0.555037	0.831826	0
											0.831826	-0.555037	0
											0.94783	-1.65043	-0.0347042
										}
										{VolumeView "nera18.ply"}
									}
								}
							}
						}
					}
				}
				{bone "body_systems"
					{Matrix34
						0	-1	0
						1	0	0
						0	0	1
						5.71562	-42.6726	-2.56974
					}
				}
				{bone "fxsmoke2_"
					{Matrix34
						-0.976352	0.21255	0.0394831
						-0.213885	-0.97629	-0.0333357
						0.0314615	-0.0409923	0.998664
						-31.4964	62.1493	7.07595
					}
				}
				{bone "fxsmoke1"
					{Matrix34
						-0.995966	0.0709581	0.05492
						-0.0752045	-0.993989	-0.0795609
						0.048944	-0.0833702	0.995316
						-29.8492	50.0844	6.13743
					}
				}
				{bone "fxstop2"
					{Matrix34
						0	1	0
						-1	0	0
						0	0	1
						25.6644	69.823	11.7381
					}
				}
				{bone "fxstop1"
					{Matrix34
						0	1	0
						-1	0	0
						0	0	1
						-26.2848	69.823	11.7381
					}
				}
				{bone "setki"
					{Position -15.8708	41.4721	9.84525}
					{VolumeView "setki.ply"}
				}
				{bone revolute "wheelr9"
					{parameters "ID=trackright;"}
					{Matrix34
						0	-1	0
						5.24084e-05	0	-1
						1	0	5.24084e-05
						-25.4958	-26.467	-2.27424
					}
					{VolumeView "wheelr9.ply"}
				}
				{bone "cover_ganner_mgun_right"
					{parameters "ID=body;"}
					{Matrix34
						0.981443	-0.191752	0
						0.191752	0.981443	0
						0	0	1
						-19.3292	-39.0753	13.0783
					}
					{VolumeView "cover_ganner_mgun_right.ply"}
				}
				{bone "desant_cover_1_left"
					{parameters "ID=body;"}
					{Matrix34
						0.00488458	-0.999802	0.019273
						0.999988	0.0048864	4.70789e-05
						-0.000141245	0.0192726	0.999814
						12.9121	55.6824	13.8294
					}
					{VolumeView "desant_cover_1_left.ply"}
				}
				{bone "desant_cover_1_right"
					{parameters "ID=body;"}
					{Matrix34
						0.00488458	-0.999802	0.0192725
						0.999988	0.00488639	4.68464e-05
						-0.000140998	0.0192722	0.999814
						-13.4183	55.5539	13.8282
					}
					{VolumeView "desant_cover_1_right.ply"}
				}
				{bone "desant_cover_2_right"
					{parameters "ID=body;"}
					{Matrix34
						0.999959	1.49708e-05	0.00902021
						0.000101131	0.999917	-0.0128814
						-0.00901965	0.0128817	0.999876
						-13.5932	68.9785	6.2926
					}
					{VolumeView "desant_cover_2_right.ply"}
					{bone "tactical_decal3"
						{Matrix34
							-0.999815	-0.00511038	0.018554
							0.0186186	-0.01288	0.999744
							-0.00487023	0.999904	0.0129727
							5.70674	-0.0842361	1.23949
						}
						{VolumeView "tactical_decal3.ply"}
					}
				}
				{bone "desant_cover_2_left"
					{parameters "ID=body;"}
					{Matrix34
						0.999959	-1.44206e-05	-0.00902017
						-0.000101772	0.999917	-0.0128813
						0.00901962	0.0128818	0.999876
						13.0008	69.1228	6.29413
					}
					{VolumeView "desant_cover_2_left.ply"}
					{bone "enumerator5"
						{Matrix34
							-0.999987	-0.00496303	-0.00113774
							0.00497715	-0.999907	-0.0127342
							-0.00107443	-0.0127395	0.999918
							-5.31386	-0.132233	-3.44909
						}
						{VolumeView "enumerator5.ply"}
					}
				}
				{bone "interier"
					{Matrix34
						0.0048867	-0.999942	-0.00959895
						0.999988	0.00488647	4.69083e-05
						0	-0.00959907	0.999954
						0.189118	5.553	6.09226
					}
					{LODView
						{VolumeView "interier.ply"}
						{VolumeView "interier_lod1.ply"}
					}
				}
				{bone "visor2"
					{Matrix34
						0	-1	0
						1	0	0
						0	0	1
						-0.124975	-45.2156	12.9945
					}
				}
				{bone "headlightl"
					{Matrix34
						0	-1	0
						1	0	0
						0	0	1
						12.0662	-65.763	10.1688
					}
				}
				{bone "driver_cover"
					{Matrix34
						-0.229609	0.964934	0.127212
						-0.972696	-0.222961	-0.0644318
						-0.0338091	-0.138532	0.989781
						-6.86898	-36.916	12.8482
					}
					{VolumeView "driver_cover.ply"}
				}
				{bone revolute "wheell8"
					{parameters "ID=trackleft;"}
					{Matrix34
						0	-1	0
						0	0	-1
						1	0	0
						25.6238	61.0291	-4.49471
					}
					{VolumeView "wheell8.ply"}
					{bone "wheels_sh_l"
						{Matrix34
							1	0	0
							0	0	1
							0	-1	0
							0.0664482	0.0431499	3.61862
						}
						{VolumeView "wheels_sh_l.ply"}
					}
				}
				{bone revolute "wheell1"
					{parameters "ID=trackleft;"}
					{Matrix34
						0	-1	0
						0	0	-1
						1	0	0
						25.6979	-55.0184	-5.63246
					}
					{VolumeView "wheell1.ply"}
				}
				{bone revolute "wheelr8"
					{parameters "ID=trackright;"}
					{Matrix34
						0	-1	0
						0	0	-1
						1	0	0
						-26.2184	60.7702	-4.49716
					}
					{VolumeView "wheelr8.ply"}
					{bone "wheels_sh_r"
						{Matrix34
							-0.999816	-0.0191971	0
							0	0	-1
							0.0191972	-0.999816	0
							0.0968399	0.0439148	-3.72409
						}
						{VolumeView "wheels_sh_r.ply"}
					}
				}
				{bone revolute "wheelr1"
					{parameters "ID=trackright;"}
					{Matrix34
						0	-1	0
						0	0	-1
						1	0	0
						-25.1215	-55.2957	-5.68187
					}
					{VolumeView "wheelr1.ply"}
				}
				{bone "fxlight"
					{Matrix34
						0	-1	0
						1	0	0
						0	0	1
						0.635642	-65.7256	10.1898
					}
				}
				{bone "headlightr"
					{Matrix34
						0	-1	0
						1	0	0
						0	0	1
						-10.6494	-65.763	10.1729
					}
				}
				{bone revolute "wheell9"
					{parameters "ID=trackleft;"}
					{Matrix34
						0	-1	0
						5.24084e-05	0	-1
						1	0	5.24078e-05
						25.7493	-26.2089	-2.27186
					}
					{VolumeView "wheell9.ply"}
				}
				{bone revolute "wheelr10"
					{parameters "ID=trackright;"}
					{Matrix34
						0	-1	0
						5.24084e-05	0	-1
						1	0	5.24078e-05
						-25.6641	8.17287	-1.94106
					}
					{VolumeView "wheelr10.ply"}
				}
				{bone revolute "wheell10"
					{parameters "ID=trackleft;"}
					{Matrix34
						0	-1	0
						5.24084e-05	0	-1
						1	0	5.24078e-05
						25.581	8.431	-1.9386
					}
					{VolumeView "wheell10.ply"}
				}
				{bone revolute "wheelr11"
					{parameters "ID=trackright;"}
					{Matrix34
						0	-1	0
						5.24084e-05	0	-1
						1	0	5.24078e-05
						-25.8241	41.1016	-1.62873
					}
					{VolumeView "wheelr11.ply"}
				}
				{bone revolute "wheell11"
					{parameters "ID=trackleft;"}
					{Matrix34
						0	-1	0
						5.24084e-05	0	-1
						1	0	5.24078e-05
						25.4211	41.3597	-1.62628
					}
					{VolumeView "wheell11.ply"}
				}
				{bone "cover_ganner_mgun_left"
					{parameters "ID=body;"}
					{Matrix34
						0.972995	0.230826	0
						-0.230826	0.972995	0
						0	0	1
						19.8956	-39.0059	13.0606
					}
					{VolumeView "cover_ganner_mgun_left.ply"}
				}
				{bone "torsions"
					{parameters "ID=body;"}
					{Position 0	0	-0.000152588}
					{VolumeView "torsions.ply"}
				}
				{bone revolute "turret"
					{parameters "ID=turret;"}
					{animation
						{sequence "repair" {file "turret_r.anm"}}
					}
					{speed 0.01}
					{Matrix34
						0	-1	0
						1	0	0
						0	0	1
						0.225626	-8.70707	19.5624
					}
					{VolumeView "turret.ply"}
					{bone "visor1"
						{Position 6.90726	9.82027	5.62122}
					}
					{bone "turret_systems"
						{Matrix34
							0.707107	0	0.707106
							0	-1	0
							0.707106	0	-0.707107
							-15.7445	0.635838	2.38416
						}
					}
					{bone "door_opt2"
						{Matrix34
							0.00560363	-0.999542	-0.0297523
							0.999982	0.00565851	-0.00179068
							0.00195824	-0.0297419	0.999556
							-1.14687	4.072	5.60641
						}
						{VolumeView "door_opt2.ply"}
					}
					{bone "shell_luk"
						{parameters "ID=turret;"}
						{animation
							{sequence "repair" {file "turret_r.anm"}}
						}
						{Position -12.6566	0.778061	3.73088}
						{VolumeView "shell_luk.ply"}
					}
					{bone "entetier_turret2"
						{Matrix34
							0.999942	0.00488673	-0.00959894
							-0.0048865	0.999988	4.69078e-05
							0.00959907	0	0.999954
							-13.7695	-0.0341058	-13.6325
						}
						{LODView
							{VolumeView "entetier_turret2.ply"}
							{VolumeView "entetier_turret2_lod1.ply"}
						}
						{bone "entetier_turret"
							{Position 13.6985	0.0555387	-2.88909}
							{LODView
								{VolumeView "entetier_turret.ply"}
								{VolumeView "entetier_turret_lod1.ply"}
							}
						}
					}
					{bone "gunner_cover"
						{parameters "ID=turret;"}
						{animation
							{sequence "repair" {file "turret_r.anm"}}
						}
						{Position -2.20405	9.213	3.59693}
						{VolumeView "gunner_cover.ply"}
					}
					{bone "cw_panorama_basis"
						{Matrix34
							0.999942	0.00488673	-0.00959894
							-0.0048865	0.999988	4.69078e-05
							0.00959907	0	0.999954
							-6.83029	-7.9273	2.46389
						}
						{bone "cw_panorama"
							{bone "optika_panorama"
								{parameters "ID=turret;"}
								{Matrix34
									0.999942	-0.00488638	0.00959907
									0.00488661	0.999988	0
									-0.00959894	4.69067e-05	0.999954
									0.00564623	-2.3365e-05	-0.00268173
								}
								{VolumeView "optika_panorama.ply"}
								{bone "com_cover"
									{parameters "ID=turret;"}
									{animation
										{sequence "repair" {file "turret_r.anm"}}
									}
									{Position 2.36093	-0.00477934	2.41257}
									{VolumeView "com_cover.ply"}
								}
								{bone "visor3"
									{Position 6.56796	0.0298529	2.87876}
								}
								{bone "fxfire3"
									{Matrix34
										0.0095989	0	0.999954
										-0.00488656	0.999988	4.69069e-05
										-0.999942	-0.00488679	0.00959878
										-1.76733	0.252865	1.2809
									}
								}
								{bone revolute "ir_searchlight2"
									{Matrix34
										0.999969	0.00448073	-0.00639911
										-0.0064008	0.000362644	-0.99998
										-0.00447832	0.99999	0.000391311
										6.27042	0.0679698	7.58351
									}
									{VolumeView "ir_searchlight2.ply"}
								}
							}
						}
					}
					{bone "gun_up"
						{Matrix34
							0.999942	0.00488673	-0.00959902
							-0.0048865	0.999988	4.69662e-05
							0.00959905	0	0.999954
							12.6586	0.54716	-0.0669022
						}
						{bone revolute "gun_rot"
							{parameters "ID=gun;"}
							{limits -60 5}
							{speed 0.01}
							{Matrix34
								0.999979	-0.00488655	-0.0043635
								-0.00436326	2.10103e-05	-0.99999
								0.00488662	0.999988	0
								0	-0.000124186	0
							}
							{VolumeView "gun_rot.ply"}
							{bone "foresight3"
								{Matrix34
									1	0	0
									0	0	1
									0	-1	0
									5.61363	-0.0348854	3.36135
								}
							}
							{bone "gun1"
								{parameters "ID=gun;"}
								{Position 52.0783	-0.233078	0.665349}
								{VolumeView "gun1.ply"}
								{bone "foresight1"
									{Matrix34
										1	0	0
										0	0	1
										0	-1	0
										-0.00958252	0.0134659	0.107102
									}
								}
							}
							{bone "gun2"
								{parameters "ID=gun2;"}
								{Matrix34
									-0.00488639	2.10107e-05	0.999988
									-0.00437902	-0.99999	0
									0.999979	-0.00437879	0.00488646
									35.4645	-0.155701	-2.94747
								}
								{VolumeView "gun2.ply"}
								{bone "foresight6"
									{Matrix34
										-0.00488686	-0.00437891	0.999979
										0.999988	0	0.00488691
										-2.0355e-05	0.999991	0.00437864
										0.0102963	0.0295563	7.07801
									}
								}
							}
						}
					}
					{bone "gun_recoil"
						{Matrix34
							0.999942	0.00488673	-0.00959894
							-0.0048865	0.999988	4.69067e-05
							0.00959907	0	0.999954
							8.95254	0.000806049	-32.6921
						}
					}
					{bone "smoke_guns"
						{parameters "id=turret;"}
						{Matrix34
							1	0	0
							0	-1	0
							0	0	1
							6.87601	0.178218	2.11013
						}
						{VolumeView "smoke_guns.ply"}
						{bone revolute "smokegun_rot21"
							{limits -20 20}
							{speed 2}
							{Matrix34
								0.897611	-0.0605738	0.436607
								-0.0627922	-0.997983	-0.00936519
								-0.436293	0.0190094	0.899604
								5.17205	-16.5838	1.62959
							}
							{bone revolute "foresight21"
								{limits -30 30}
								{speed 2}
								{Matrix34
									1	0	0
									0	0	1
									0	-1	0
									1.13758	0	0
								}
							}
						}
						{bone revolute "smokegun_rot20"
							{limits -20 20}
							{speed 2}
							{Matrix34
								0.938517	0.0469882	0.34202
								0.0500043	-0.998749	0
								-0.341591	-0.0171038	0.939693
								5.04487	16.4588	1.6584
							}
							{bone revolute "foresight20"
								{limits -30 30}
								{speed 2}
								{Matrix34
									1	0	0
									0	0	1
									0	-1	0
									1.13757	0	0
								}
							}
						}
					}
					{bone "sodema"
						{parameters "ID=turret;"}
						{Matrix34
							-0.999999	0	0.00117603
							0	-1	1.44447e-05
							-0.00134022	1.87569e-05	0.999999
							3.0904	10.1093	6.25969
						}
						{VolumeView "sodema.ply"}
						{bone "optika_sh2"
							{parameters "ID=turret;"}
							{Matrix34
								-0.342017	0.939694	0
								-0.939692	-0.342023	0
								0	0	1
								-2.91703	-2.74907	-0.860409
							}
							{VolumeView "optika_sh2.ply"}
						}
						{bone "optika_sh1"
							{parameters "ID=turret;"}
							{Matrix34
								-0.342017	-0.939694	0
								0.939691	-0.342023	0
								0	0	1
								-2.91665	2.77783	-0.860485
							}
							{VolumeView "optika_sh1.ply"}
						}
					}
					{bone "fix_turret_bmp3m"
						{parameters "ID=shield_3m;"}
						{Matrix34
							0.999942	0.00488671	-0.00959906
							0.00959918	0	0.999954
							-0.00488648	0.999988	4.68908e-05
							-11.4971	-0.0270297	1.63992
						}
						{VolumeView "fix_turret_bmp3m.ply"}
						{bone "shieldl9"
							{parameters "ID=shield_3m;"}
							{Position -2.94125	-2.45787	14.5862}
							{VolumeView "shieldl9_3m.ply"}
						}
						{bone "shieldr10"
							{parameters "ID=shield_3m;"}
							{Position -11.0927	-2.45797	0.148079}
							{VolumeView "shieldr10_3m.ply"}
						}
						{bone "shieldr9"
							{parameters "ID=shield_3m;"}
							{Position -2.89922	-2.45789	-14.3244}
							{VolumeView "shieldr9_3m.ply"}
						}
						{bone "fix1_turret_bmp3m"
							{parameters "ID=shield_3m;"}
							{Position -12.6004	0	-8.80512}
							{VolumeView "fix1_turret_bmp3m.ply"}
						}
						{bone "nera25"
							{parameters "ID=shield_3m;"}
							{Matrix34
								1	0	0
								0	1	0
								0	0	-1
								10.5691	-2.07479	21.6401
							}
							{VolumeView "nera25.ply"}
						}
						{bone "nera26"
							{parameters "ID=shield_3m;"}
							{Matrix34
								1	0	0
								0	1	0
								0	0	-1
								10.5691	-2.07479	-21.6632
							}
							{VolumeView "nera26.ply"}
						}
						{bone "nera22"
							{parameters "ID=shield_3m;"}
							{Matrix34
								1	0	0
								0	1	0
								0	0	-1
								-11.639	-2.07479	-16.5606
							}
							{VolumeView "nera22.ply"}
						}
						{bone "nera23"
							{parameters "ID=shield_3m;"}
							{Matrix34
								1	0	0
								0	1	0
								0	0	-1
								-18.4429	-2.07479	-0.00414658
							}
							{VolumeView "nera23.ply"}
						}
						{bone "nera24"
							{parameters "ID=shield_3m;"}
							{Matrix34
								1	0	0
								0	1	0
								0	0	-1
								-11.639	-2.07479	16.5374
							}
							{VolumeView "nera24.ply"}
						}
					}
				}
				{bone "visor5"
					{Matrix34
						-0.168834	-0.985599	-0.00946125
						0.985645	-0.168826	-0.0016207
						0	-0.00959907	0.999954
						-16.6673	-42.3277	12.796
					}
				}
				{bone "visor4"
					{Matrix34
						0.178458	-0.983902	-0.00944497
						0.983948	0.17845	0.00171304
						0	-0.00959906	0.999954
						17.7907	-42.2092	12.7972
					}
				}
				{bone "otval"
					{parameters "ID=body;"}
					{Matrix34
						0.0048867	-0.999942	-0.00959893
						0.999988	0.00488647	4.69098e-05
						0	-0.00959907	0.999954
						0.246526	-49.5962	-11.8141
					}
					{VolumeView "otval.ply"}
				}
				{bone "vodomet2"
					{parameters "ID=body;"}
					{Matrix34
						0.762058	0.258388	0.59372
						-0.203828	0.966041	-0.158803
						-0.614591	0	0.788846
						17.224	69.2297	-6.22329
					}
					{VolumeView "vodomet2.ply"}
				}
				{bone "vodomet1"
					{parameters "ID=body;"}
					{Matrix34
						0.776905	-0.228691	-0.586616
						0.182508	0.973499	-0.137806
						0.602585	0	0.798054
						-17.7811	69.2224	-6.29577
					}
					{VolumeView "vodomet1.ply"}
				}
				{bone "detail1"
					{Matrix34
						0.00488608	-0.99995	-0.00872652
						0.109722	-0.00813785	0.993929
						-0.99395	-0.00581392	0.109677
						-29.6618	13.5067	15.6175
					}
					{VolumeView "detail1.ply"}
				}
				{bone "vozdyhozabornic"
					{parameters "ID=body;"}
					{Matrix34
						0.0048867	-0.999942	-0.00959895
						0.999988	0.00488647	4.69089e-05
						0	-0.00959907	0.999954
						-24.729	34.1873	10.9834
					}
					{VolumeView "vozdyhozabornic.ply"}
				}
				{bone "fxfire1"
					{Matrix34
						0	-0.0095989	0.999954
						0.999988	0.00488337	4.68787e-05
						-0.0048836	0.999942	0.00959876
						-17.7954	43.2644	12.6471
					}
				}
				{bone "fxfire2"
					{Matrix34
						0.64278	-0.004212	0.766039
						0.766036	0.00991066	-0.642722
						-0.00488482	0.999942	0.00959689
						-2.35174	22.7796	15.0133
					}
				}
				{bone revolute "emit7"
					{Matrix34
						0.00488657	-0.999942	-0.00959895
						0.999988	0.00488639	4.69089e-05
						0	-0.00959907	0.999954
						-6.19305	85.2708	-21.9037
					}
				}
				{bone revolute "emit6"
					{Matrix34
						0.00488657	-0.999942	-0.00959895
						0.999988	0.00488639	4.69089e-05
						0	-0.00959907	0.999954
						6.71067	85.3338	-21.903
					}
				}
				{bone "interier_nolod"
					{Matrix34
						0.0048867	-0.999942	-0.00959895
						0.999988	0.00488647	4.69097e-05
						0	-0.00959908	0.999954
						0.0233697	49.0988	5.35774
					}
					{VolumeView "interier_nolod.ply"}
				}
				{bone "front_mgun"
					{parameters "ID=body;"}
					{animation
						{sequence "repair" {file "body_r.anm"}}
					}
					{Position 0.227545	-46.3282	9.80755}
					{VolumeView "front_mgun.ply"}
					{bone revolute "mgun"
						{limits -15 5}
						{Matrix34
							0	1	0
							-1	0	0
							0	0	1
							-23.8577	-1.19613	0.0264626
						}
						{VolumeView "mgun.ply"}
						{bone revolute "foresight4"
							{limits -15 15}
							{Matrix34
								-1	0	0
								0	0	1
								0	1	0
								-5.95781	-0.0307636	0.00439453
							}
						}
					}
					{bone revolute "mgun2"
						{limits -5 15}
						{Matrix34
							0	1	0
							-1	0	0
							0	0	1
							24.0802	-1.02589	0.0305099
						}
						{VolumeView "mgun2.ply"}
						{bone revolute "foresight5"
							{limits -15 15}
							{Matrix34
								-1	0	0
								0	0	1
								0	1	0
								-6.08616	-0.0275841	0.000408173
							}
						}
					}
				}
				{bone revolute "nod_l"
					{Matrix34
						-0.00488675	0.999942	0.00959893
						-0.999988	-0.00488651	-4.69107e-05
						0	-0.00959907	0.999954
						6.71067	85.3338	-21.903
					}
				}
				{bone revolute "nod_r"
					{Matrix34
						-0.00488675	0.999942	0.00959893
						-0.999988	-0.00488651	-4.69107e-05
						0	-0.00959907	0.999954
						-6.19306	85.2708	-21.9037
					}
				}
				{bone "sh_body_bmp3m"
					{Matrix34
						0.999988	0.00488638	4.673e-05
						0	-0.00959922	0.999954
						0.0048866	-0.999942	-0.0095991
						0.281166	-0.922218	-22.7311
					}
					{bone "sh_body_fix"
						{parameters "ID=body;"}
						{Matrix34
							0	0	1
							0	1	0
							1	0	0
							-0.260017	29.5209	42.1807
						}
						{VolumeView "sh_body_fix.ply"}
					}
					{bone "shieldl1"
						{parameters "ID=shield_3m;"}
						{Matrix34
							0	0	1
							0	1	0
							1	0	0
							31.925	24.7504	53.7351
						}
						{VolumeView "shieldl1_3m.ply"}
						{bone "nera20"
							{parameters "ID=sh_3m;"}
							{Position -0.0585556	-2.60823	2.31566}
							{VolumeView "nera20.ply"}
						}
					}
					{bone "shieldl3"
						{parameters "ID=shield_3m;"}
						{Matrix34
							0	0	1
							0	1	0
							1	0	0
							31.925	27.269	22.583
						}
						{VolumeView "shieldl3_3m.ply"}
						{bone "nera3"
							{parameters "ID=sh_3m;"}
							{Position 0.104219	-1.78196	2.31566}
							{VolumeView "nera3.ply"}
						}
					}
					{bone "shieldl2"
						{parameters "ID=shield_3m;"}
						{Matrix34
							0	0	1
							0	1	0
							1	0	0
							31.925	26.4455	38.9975
						}
						{VolumeView "shieldl2_3m.ply"}
						{bone "nera21"
							{parameters "ID=sh_3m;"}
							{Position 0.0734673	-1.64835	2.31566}
							{VolumeView "nera21.ply"}
						}
					}
					{bone "shieldl5"
						{parameters "ID=shield_3m;"}
						{Matrix34
							0	0	1
							0	1	0
							1	0	0
							31.925	27.269	-11.7668
						}
						{VolumeView "shieldl5_3m.ply"}
						{bone "nera5"
							{parameters "ID=sh_3m;"}
							{Position -0.00144482	-1.78196	2.31567}
							{VolumeView "nera5.ply"}
						}
					}
					{bone "shieldl6"
						{parameters "ID=shield_3m;"}
						{Matrix34
							0	0	1
							0	1	0
							1	0	0
							31.925	27.269	-28.9115
						}
						{VolumeView "shieldl6_3m.ply"}
						{bone "nera6"
							{parameters "ID=sh_3m;"}
							{Position -0.00431633	-1.78196	2.31566}
							{VolumeView "nera6.ply"}
						}
					}
					{bone "shieldl4"
						{parameters "ID=shield_3m;"}
						{Matrix34
							0	0	1
							0	1	0
							1	0	0
							31.925	27.269	5.39627
						}
						{VolumeView "shieldl4_3m.ply"}
						{bone "nera4"
							{parameters "ID=sh_3m;"}
							{Position 0.036047	-1.78197	2.31567}
							{VolumeView "nera4.ply"}
						}
						{bone "enumerator2_bmp3m"
							{Matrix34
								-0.999945	0.0104718	-7.53332e-05
								7.69366e-05	0.000150524	-1
								0.0104718	0.999945	0.000151323
								2.79777	-0.0909481	-1.26453
							}
							{VolumeView "enumerator2_bmp3m.ply"}
						}
						{bone "tactical_decal_bmp3m"
							{Matrix34
								-1	0	0
								0	1	0
								0	0	1
								0.120409	-4.00166	-1.25405
							}
							{VolumeView "tactical_decal_bmp3m.ply"}
						}
					}
					{bone "shieldl7"
						{parameters "ID=sh_3m;"}
						{Matrix34
							0	0	1
							0	1	0
							1	0	0
							31.925	29.7129	-53.548
						}
						{VolumeView "shieldl7_3m.ply"}
						{bone "shieldl8"
							{parameters "ID=shield_3m;"}
							{Position 0.00812912	-7.62663	-1.37426}
							{VolumeView "shieldl8_3m.ply"}
						}
						{bone "nera7"
							{parameters "ID=sh_3m;"}
							{Position 0.0181046	0.463501	2.69801}
							{VolumeView "nera7.ply"}
							{bone "nera8"
								{parameters "ID=sh_3m;"}
								{Position 0.0112	-8.87952	0.587524}
								{VolumeView "nera8.ply"}
							}
						}
					}
					{bone "shieldr3"
						{parameters "ID=shield_3m;"}
						{Matrix34
							0	0	1
							0	1	0
							1	0	0
							-32.445	27.269	22.583
						}
						{VolumeView "shieldr3_3m.ply"}
						{bone "nera11"
							{parameters "ID=sh_3m;"}
							{Matrix34
								1	0	0
								0	1	0
								0	0	-1
								0.104229	-1.78196	-2.33882
							}
							{VolumeView "nera11.ply"}
						}
						{bone "enumerator3_bmp3m"
							{Matrix34
								0.999924	0.0123096	7.62925e-05
								-7.69859e-05	5.56362e-05	1
								-0.0123096	0.999924	-5.65825e-05
								-2.47669	0.357441	1.26928
							}
							{VolumeView "enumerator3_bmp3m.ply"}
						}
					}
					{bone "shieldr2"
						{parameters "ID=shield_3m;"}
						{Matrix34
							0	0	1
							0	1	0
							1	0	0
							-32.445	26.4455	38.9975
						}
						{VolumeView "shieldr2_3m.ply"}
						{bone "nera10"
							{parameters "ID=sh_3m;"}
							{Matrix34
								1	0	0
								0	1	0
								0	0	-1
								0.0734749	-1.64836	-2.33882
							}
							{VolumeView "nera10.ply"}
						}
						{bone "tactical_decal2_bmp3m"
							{Matrix34
								1	0	0
								0	1	9.34601e-05
								0	9.34601e-05	-1
								-1.84501	4.83183	1.26745
							}
							{VolumeView "tactical_decal2_bmp3m.ply"}
						}
					}
					{bone "shieldr5"
						{parameters "ID=shield_3m;"}
						{Matrix34
							0	0	1
							0	1	0
							1	0	0
							-32.445	27.269	-11.7668
						}
						{VolumeView "shieldr5_3m.ply"}
						{bone "nera13"
							{parameters "ID=sh_3m;"}
							{Matrix34
								1	0	0
								0	1	0
								0	0	-1
								-0.001441	-1.78197	-2.33882
							}
							{VolumeView "nera13.ply"}
						}
					}
					{bone "shieldr4"
						{parameters "ID=shield_3m;"}
						{Matrix34
							0	0	1
							0	1	0
							1	0	0
							-32.445	27.269	5.39626
						}
						{VolumeView "shieldr4_3m.ply"}
						{bone "nera12"
							{parameters "ID=sh_3m;"}
							{Matrix34
								1	0	0
								0	1	0
								0	0	-1
								0.0360479	-1.78197	-2.33881
							}
							{VolumeView "nera12.ply"}
						}
					}
					{bone "shieldr6"
						{parameters "ID=shield_3m;"}
						{Matrix34
							0	0	1
							0	1	0
							1	0	0
							-32.445	27.269	-28.9115
						}
						{VolumeView "shieldr6_3m.ply"}
						{bone "nera14"
							{parameters "ID=sh_3m;"}
							{Matrix34
								1	0	0
								0	1	0
								0	0	-1
								-0.00431061	-1.78197	-2.33882
							}
							{VolumeView "nera14.ply"}
						}
					}
					{bone "shieldr7"
						{parameters "ID=shield_3m;"}
						{Matrix34
							0	0	1
							0	1	0
							1	0	0
							-32.445	29.718	-53.5483
						}
						{VolumeView "shieldr7_3m.ply"}
						{bone "shieldr8"
							{parameters "ID=shield_3m;"}
							{Position 0.00842667	-7.63186	1.37756}
							{VolumeView "shieldr8_3m.ply"}
						}
						{bone "nera15"
							{parameters "ID=sh_3m;"}
							{Matrix34
								1	0	0
								0	1	0
								0	0	-1
								0.0183945	0.458384	-2.72116
							}
							{VolumeView "nera15.ply"}
							{bone "nera16"
								{parameters "ID=sh_3m;"}
								{Position 0.0111885	-8.87952	0.587528}
								{VolumeView "nera16.ply"}
							}
						}
					}
					{bone "shieldr1"
						{parameters "ID=shield_3m;"}
						{Matrix34
							0	0	1
							0	1	0
							1	0	0
							-32.445	24.7504	53.7351
						}
						{VolumeView "shieldr1_3m.ply"}
						{bone "nera9"
							{parameters "ID=sh_3m;"}
							{Matrix34
								1	0	0
								0	1	0
								0	0	-1
								-0.058548	-2.60824	-2.33881
							}
							{VolumeView "nera9.ply"}
						}
					}
				}
			}
		}
	}
}
{Volume "additional_triplex1"
	{Box 1.96418 4.04529 3.77124}
	{Bone "body_systems"}
	{Matrix34
		0.983902	0.178459	-0.00944497
		-0.178451	0.983947	0.00171303
		0.00959906	0	0.999954
		-1.64554	11.8192	14.5648
	}
}
{Volume "additional_triplex2"
	{Box 1.96418 4.04529 3.77124}
	{Bone "body_systems"}
	{Matrix34
		0.985599	-0.168833	-0.00946126
		0.168825	0.985645	-0.0016207
		0.00959907	0	0.999954
		-1.57892	-22.0673	14.5642
	}
}
{Volume "additional_triplex"
	{Box 4.1336 8.55801 3.4785}
	{Bone "optika_panorama"}
	{Matrix34
		-0.00488653	0.999988	4.673e-05
		0.00959911	0	0.999954
		0.999942	0.00488676	-0.00959898
		4.42902	0.0529091	-0.538496
	}
}
{Volume "ammo_storage_autocannon1"
	{Polyhedron "ammo_storage_autocannon1.vol"}
	{Bone "turret_systems"}
	{Matrix34
		0.495557	0.700141	0.51403
		0.494777	-0.71395	0.495449
		0.713876	0.00880686	-0.700217
		-15.2558	-6.99548	24.2654
	}
}
{Volume "ammo_storage_autocannon"
	{Polyhedron "ammo_storage_autocannon.vol"}
	{Bone "turret_systems"}
	{Matrix34
		0.536085	-0.650212	0.538365
		-0.450548	-0.759701	-0.468893
		0.713876	0.00880733	-0.700217
		-15.3199	6.71312	24.7535
	}
}
{Volume "ammo_storage_main2"
	{Box 27.7778 8.39947 8.15749}
	{Bone "body_systems"}
	{Matrix34
		-0.999942	-0.00488653	0.00959905
		0.00959918	0	0.999954
		-0.00488632	0.999988	4.64458e-05
		-23.9113	17.7464	10.6281
	}
}
{Volume "ammo_storage_main"
	{Polyhedron "ammo_storage_main.vol"}
	{Bone "turret_systems"}
	{Matrix34
		0.700278	0.00342159	0.713862
		0.00491946	-0.999988	-3.28466e-05
		0.713853	0.00353481	-0.700287
		-13.1196	-0.488991	32.5436
	}
}
{Volume "ammo_storage_mgun1"
	{Box 4.06746 9.65608 10.169}
	{Bone "body_systems"}
	{Matrix34
		0.999942	0.0048872	-0.00959894
		-0.00488698	0.999988	4.69068e-05
		0.00959908	0	0.999954
		-1.43002	-20.4702	5.99875
	}
}
{Volume "ammo_storage_mgun2"
	{Box 4.06746 9.65608 10.169}
	{Bone "body_systems"}
	{Matrix34
		0.999942	0.0048872	-0.00959894
		-0.00488698	0.999988	4.69068e-05
		0.00959908	0	0.999954
		-1.57799	9.80386	6.00017
	}
}
{Volume "ammo_storage_mgun"
	{Polyhedron "ammo_storage_mgun.vol"}
	{Bone "turret_systems"}
	{Matrix34
		0.700278	0.00342159	0.713862
		0.00491946	-0.999988	-3.28466e-05
		0.713853	0.00353481	-0.700287
		-4.39221	-0.54008	35.938
	}
}
{Volume "autoloader2"
	{Polyhedron "autoloader2.vol"}
	{Bone "turret_systems"}
	{Matrix34
		0.700278	0.00342159	0.713862
		0.00491946	-0.999988	-3.28466e-05
		0.713853	0.00353481	-0.700287
		-13.3958	-0.499557	32.8042
	}
}
{Volume "autoloader"
	{Polyhedron "autoloader.vol"}
	{Bone "turret_systems"}
	{Matrix34
		0.700278	0.00342159	0.713862
		0.00491946	-0.999988	-3.28466e-05
		0.713853	0.00353481	-0.700287
		-19.0754	-0.125006	20.4697
	}
}
{Volume "body1"
	{Polyhedron "body1.vol"}
	{Bone "body"}
	{Matrix34
		0.00523584	-0.999986	0
		0	0	1
		-0.999986	-0.00523584	0
		0.162456	-2.28357	8.66609
	}
}
{Volume "body2"
	{Polyhedron "body2.vol"}
	{Bone "body"}
	{Matrix34
		0.00523584	-0.999986	0
		0	0	1
		-0.999986	-0.00523584	0
		0.392147	-1.09201	-4.48974
	}
}
{Volume "body4"
	{Polyhedron "body4.vol"}
	{Bone "desant_cover_1_right"}
	{Matrix34
		0.999996	0	-0.00300603
		0	1	0
		0.00300585	0	0.999996
		7.3746	5.92335	-0.844738
	}
}
{Volume "body5"
	{Polyhedron "body5.vol"}
	{Bone "desant_cover_1_left"}
	{Matrix34
		0.999996	0	-0.00300644
		0	1	0
		0.00300646	0	0.999996
		7.3744	-6.08842	-0.84473
	}
}
{Volume "body6"
	{Polyhedron "body6.vol"}
	{Bone "desant_cover_2_left"}
	{Matrix34
		0.00498723	-0.999736	-0.0224349
		-0.00901968	-0.022479	0.999707
		-0.999947	-0.00478342	-0.00912941
		-0.326258	-0.371231	-0.0155792
	}
}
{Volume "body7"
	{Polyhedron "body7.vol"}
