;Exported by: Timosh
;Date:        Thu Oct 28 09:16:09 2021
;File:        G:\?????? ? Pheonix\??????????????\??????\?????\?-34\T-34-85 CW 4.max
{Skeleton
	{animation
		{sequence "start" {speed 0.3}}
		{sequence "stop" {speed 0.3}}
		{sequence "open" {resume}}
		{sequence "open1" {speed 0.2} {resume}}
		{sequence "open_driver" {speed 0.2} {resume}}
		{sequence "fire"}
		{sequence "hit"}
	}
	{bone "basis"
		{parameters "Wheelradius=0.4;"}
		{Orientation
			1	0	0
			0	-1	0
			0	0	1
		}
		{bone "wheelsr"
			{parameters "ID=trackright;"}
			{Position 3.43602	-20.2592	9.95033}
			{bone "trackr"
				{parameters "ID=trackright;"}
				{Matrix34
					1	0	0
					0	0	1
					0	1	0
					-5.48361	-3.11532	0.422323
				}
				{VolumeView "trackr.ply"}
			}
			{bone revolute "wheelr2"
				{parameters "ID=trackright;"}
				{Matrix34
					0.999998	-0.001746	0
					0	0	-1
					0.001746	0.999998	0
					32.787	-3.10009	-0.48073
				}
				{VolumeView "wheelr2.ply"}
			}
			{bone revolute "wheelr03"
				{parameters "ID=trackright;"}
				{Matrix34
					0.999998	-0.001746	0
					0	0	-1
					0.001746	0.999998	0
					14.0702	-3.13423	-0.431864
				}
				{VolumeView "wheelr03.ply"}
			}
			{bone revolute "wheelr04"
				{parameters "ID=trackright;"}
				{Matrix34
					0.999998	-0.001746	0
					0	0	-1
					0.001746	0.999998	0
					-6.37868	-3.17093	-0.378473
				}
				{VolumeView "wheelr04.ply"}
			}
			{bone revolute "wheelr05"
				{parameters "ID=trackright;"}
				{Matrix34
					0.999998	-0.001746	0
					0	0	-1
					0.001746	0.999998	0
					-24.0834	-3.20316	-0.332363
				}
				{VolumeView "wheelr05.ply"}
			}
			{bone revolute "wheelr06"
				{parameters "ID=trackright;"}
				{Matrix34
					0.999998	-0.001746	0
					0	0	-1
					0.001746	0.999998	0
					-41.7445	-3.23497	-0.286371
				}
				{VolumeView "wheelr06.ply"}
			}
			{bone "fxtracer1"
				{Matrix34
					-1	0	0
					0	-1	0
					0	0	1
					36.1662	-3.75248	-9.44082
				}
			}
			{bone "fxtracer2"
				{Matrix34
					-0.965926	0	0.258819
					0	-1	0
					0.258819	0	0.965926
					-44.577	-3.88551	-9.22396
				}
			}
		}
		{bone "wheelsl"
			{parameters "ID=trackleft;"}
			{Matrix34
				-1	0	0
				0	-1	0
				0	0	1
				3.35682	22.3628	9.96
			}
			{bone "trackl"
				{parameters "ID=trackright;"}
				{Matrix34
					-1	0	0
					0	0	1
					0	1	0
					5.49834	-3.09316	0.424249
				}
				{VolumeView "trackl.ply"}
			}
			{bone revolute "wheell3"
				{parameters "ID=trackleft;"}
				{Matrix34
					-0.999999	0	-0.00174507
					0.00174507	0	-0.999999
					0	1	0
					-14.0555	-3.17768	-0.430017
				}
				{VolumeView "wheell3.ply"}
			}
			{bone revolute "wheell4"
				{parameters "ID=trackleft;"}
				{Matrix34
					-0.999999	0	-0.00174507
					0.00174507	0	-0.999999
					0	1	0
					6.39334	-3.14103	-0.376622
				}
				{VolumeView "wheell4.ply"}
			}
			{bone revolute "wheell5"
				{parameters "ID=trackleft;"}
				{Matrix34
					-0.999999	0	-0.00174507
					0.00174507	0	-0.999999
					0	1	0
					24.098	-3.10878	-0.330522
				}
				{VolumeView "wheell5.ply"}
			}
			{bone revolute "wheell6"
				{parameters "ID=trackleft;"}
				{Matrix34
					-0.999999	0	-0.00174507
					0.00174507	0	-0.999999
					0	1	0
					41.7591	-3.07697	-0.284364
				}
				{VolumeView "wheell6.ply"}
			}
			{bone revolute "wheell2"
				{parameters "ID=trackleft;"}
				{Matrix34
					-0.999999	0	-0.00174507
					0.00174507	0	-0.999999
					0	1	0
					-32.7723	-3.21182	-0.478728
				}
				{VolumeView "wheell2.ply"}
			}
			{bone "fxtracel1"
				{Position -36.285	-3.2253	-9.75671}
			}
			{bone "fxtracel2"
				{Matrix34
					0.965926	0	0.258819
					0	1	0
					-0.258819	0	0.965926
					44.4772	-3.22532	-9.31227
				}
			}
		}
		{bone "body_holder"
			{bone "body"
				{parameters "ID=body;"}
				{Position -0.335464	1.04582	21.2291}
				{VolumeView "body.ply"}
				{bone revolute "turret"
					{parameters "ID=turret;"}
					{Matrix34
						0.999998	0	-0.00174533
						0	1	0
						0.00174533	0	0.999998
						11.2803	0.01717	10.8678
					}
					{VolumeView "turret.ply"}
					{bone revolute "gun_rot"
						{parameters "ID=gun;"}
						{limits -22 5}
						{speed 0.01}
						{Matrix34
							1	0	0
							0	0	-1
							0	1	0
							19.9801	0.0306977	8.87658
						}
						{VolumeView "gun_rot.ply"}
						{bone "gun"
							{parameters "ID=gun;"}
							{Matrix34
								0	0	1
								-1	0	0
								0	-1	0
								40.3344	0.241695	0.0215873
							}
							{VolumeView "gun.ply"}
							{bone prizmatic "foresight1"
								{Matrix34
									-0.00134841	-0.999753	-0.022204
									-0.0158745	-0.0221802	0.999628
									-0.999873	0.00170001	-0.0158401
									0.166456	-30.1327	-0.111813
								}
							}
						}
						{bone prizmatic "foresight3"
							{Matrix34
								0.99979	0.0204563	-0.00138648
								0.0204352	-0.999691	-0.01413
								-0.00167562	0.014097	-0.999899
								4.62971	0.393253	-6.0395
							}
						}
						{bone "visor1"
							{Matrix34
								0.998945	0.0459187	0.000444147
								-0.000577989	0.00289743	0.999996
								0.0459173	-0.998941	0.00292093
								4.61061	-0.0859909	4.608
							}
						}
					}
					{bone revolute "cover1"
						{Matrix34
							0	1	0
							0.324992	0	-0.945717
							-0.945717	0	-0.324991
							-2.36874	-7.44576	16.662
						}
						{VolumeView "cover1.ply"}
					}
					{bone "fxfire3"
						{Matrix34
							0.0274826	0.0192011	0.999438
							-0.0202018	0.999622	-0.0186491
							-0.999418	-0.0196779	0.0278601
							-8.58894	6.47214	11.5944
						}
					}
					{bone "turret_system"
						{Matrix34
							1	0	0
							0	0.999998	0.00174532
							0	-0.00174532	0.999998
							-20.2959	0.68881	4.81135
						}
					}
					{bone "fxlight"
						{Matrix34
							0.998945	0.000445012	-0.0459187
							-0.000578862	0.999996	-0.00289738
							0.0459172	0.00292091	0.998941
							23.7987	24.2679	-1.67094
						}
					}
					{bone "visor3"
						{Matrix34
							0.998945	0.000445012	-0.0459187
							-0.000578862	0.999996	-0.00289738
							0.0459172	0.00292091	0.998941
							3.45336	10.8564	17.4374
						}
					}
					{bone "cover3"
						{Matrix34
							0	0.999998	0.00174522
							0.5	0.00151185	-0.866024
							-0.866025	0.000871851	-0.499999
							-2.83972	6.75667	20.8347
						}
						{VolumeView "cover3.ply"}
					}
					{bone "cover2"
						{Matrix34
							0	0.999998	0.00174522
							0.5	-0.00151097	0.866024
							0.866025	0.000873372	-0.499999
							-13.6839	6.72949	20.8256
						}
						{VolumeView "cover2.ply"}
					}
					{bone "visor4"
						{Matrix34
							0.998945	0.000445012	-0.0459187
							-0.000578862	0.999996	-0.00289738
							0.0459172	0.00292091	0.998941
							9.32963	-9.24392	17.2343
						}
					}
					{bone "gun_recoil"
						{Matrix34
							-0.999998	0	-0.00174533
							0	-1	0
							-0.00174533	0	0.999998
							8.8143	-1.11788	-28.6033
						}
					}
					{bone "enumerator"
						{Matrix34
							-0.0756545	0.935882	0.344094
							-0.992129	-0.0689708	-0.104512
							-0.0753323	-0.349081	0.93406
							5.32586	17.5929	8.65141
						}
						{VolumeView "enumerator.ply"}
					}
				}
				{bone "door_front"
					{parameters "ID=body;"}
					{Matrix34
						0	1	0
						-1	0	0
						0	0	1
						35.2761	5.28184	7.90531
					}
					{VolumeView "door_front.ply"}
				}
				{bone "engine"
					{parameters "ID=Engine;"}
					{Matrix34
						0	1	0
						-1	0	0
						0	0	1
						-25.6148	-0.046501	-3.27929
					}
					{VolumeView "engine.ply"}
					{bone "fxfire2"
						{Matrix34
							-0.0278951	0.0196329	0.999418
							-0.020392	0.999588	-0.0202054
							-0.999403	-0.0209439	-0.0274832
							0.0728994	11.105	13.3488
						}
					}
				}
				{bone revolute "wheelr1"
					{parameters "ID=trackright;"}
					{Matrix34
						0.999998	-0.00174552	0
						0	-0.00349061	-0.999994
						0.00174553	0.999992	-0.0034906
						50.3852	-24.4195	-6.62215
					}
					{VolumeView "wheelr1.ply"}
				}
				{bone revolute "wheelr7"
					{parameters "ID=trackright;"}
					{Matrix34
						0.999998	-0.00174552	0
						0	-0.00349061	-0.999994
						0.00174553	0.999992	-0.0034906
						-52.8019	-24.9343	-8.38987
					}
					{VolumeView "wheelr7.ply"}
				}
				{bone revolute "wheell7"
					{parameters "ID=trackleft;"}
					{Matrix34
						0.999994	0	-0.00349044
						-0.00349045	-0.00174519	-0.999992
						0	-0.999998	0.0017452
						-52.895	24.7398	-8.38131
					}
					{VolumeView "wheell7.ply"}
				}
				{bone revolute "wheell1"
					{parameters "ID=trackleft;"}
					{Matrix34
						0.999994	0	-0.00349044
						-0.00349045	-0.00174519	-0.999992
						0	-0.999998	0.0017452
						50.2907	24.5991	-6.6106
					}
					{VolumeView "wheell1.ply"}
				}
				{bone "fxfire1"
					{Matrix34
						0.999403	0.0209452	-0.0274827
						-0.0203934	0.999588	0.0202053
						0.0278946	-0.0196328	0.999418
						3.57376	-7.7566	18.9108
					}
				}
				{bone "visor2"
					{Matrix34
						0.999403	0.020945	-0.0274827
						-0.0203932	0.999588	0.0202053
						0.0278945	-0.0196328	0.999418
						38.1391	6.78977	7.48979
					}
				}
				{bone "seat01"
					{Matrix34
						-0.0203936	0.999588	0.0202056
						-0.999403	-0.0209453	0.0274827
						0.0278946	-0.019633	0.999418
						-23.3878	17.977	5.70847
					}
				}
				{bone "seat02"
					{Matrix34
						-0.721236	0.692395	0.0202056
						-0.691874	-0.721495	0.0274827
						0.0336071	0.0058418	0.999418
						-33.6239	8.81483	11.4747
					}
				}
				{bone "seat03"
					{Matrix34
						0.0203938	-0.999588	-0.0202051
						0.999403	0.0209456	-0.0274825
						0.0278944	-0.0196326	0.999418
						-22.8204	-17.8161	5.76066
					}
				}
				{bone "seat04"
					{Matrix34
						-0.692395	-0.721236	-0.0202051
						0.721495	-0.691874	-0.0274825
						0.00584199	-0.0336066	0.999418
						-34.161	-8.80767	11.5604
					}
				}
				{bone "emit0"
					{Matrix34
						-1	0	0
						0	-1	0
						0	0	1
						69.8285	5.64147	-15.5184
					}
				}
				{bone "emit2"
					{Matrix34
						0	1	0
						-1	0	0
						0	0	1
						5.52193	-42.7122	-13.7145
					}
					{visibility 0}
				}
				{bone "emit1"
					{Matrix34
						0	-1	0
						1	0	0
						0	0	1
						5.03964	40.4984	-14.929
					}
					{visibility 0}
				}
				{bone "emit5"
					{Matrix34
						0	1	0
						-1	0	0
						0	0	1
						-26.2655	-41.3618	-13.7145
					}
					{visibility 0}
				}
				{bone "emit3"
					{Matrix34
						-0.0871563	-0.996195	0
						0.996195	-0.0871564	0
						0	0	1
						-28.3277	41.3394	-14.929
					}
					{visibility 0}
				}
				{bone "emit4"
					{Matrix34
						0	-1	0
						1	0	0
						0	0	1
						-46.7492	41.3393	-14.929
					}
					{visibility 0}
				}
				{bone "emit6"
					{Matrix34
						0	1	0
						-1	0	0
						0	0	1
						-47.3421	-41.362	-13.7144
					}
					{visibility 0}
				}
				{bone "fxsmoke1"
					{Matrix34
						-0.995912	-0.088166	-0.0196218
						0.0182908	0.0158808	-0.999707
						0.0884517	-0.995979	-0.0142033
						-57.6177	9.46639	1.39592
					}
				}
				{bone "body_system"
					{Position 28.0743	-11.2339	-7.5539}
					{bone "mto_cover"
						{Matrix34
							0	1	0
							-1	0	0
							0	0	1
							-65.4379	11.1592	19.5552
						}
						{VolumeView "mto_cover.ply"}
					}
					{bone "mto_cover2"
						{Matrix34
							0	0.999998	-0.00174535
							-1	0	0
							0	0.00174516	0.999999
							-48.9877	11.1893	20.7814
						}
						{VolumeView "mto_cover2.ply"}
					}
				}
				{bone "headlightl"
					{Matrix34
						0.999403	0.020945	-0.0274827
						-0.0203932	0.999588	0.0202053
						0.0278945	-0.0196328	0.999418
						33.1576	24.5554	8.75955
					}
				}
				{bone "fxsmoke2"
					{Matrix34
						-0.995912	-0.088166	-0.0196218
						0.0182908	0.0158808	-0.999707
						0.0884517	-0.995979	-0.0142033
						-57.6177	-9.6679	1.39592
					}
				}
				{bone "detail_coil"
					{Matrix34
						0	1	0
						-1	0	0
						0	0	1
						157.507	-2.4169	40.6289
					}
					{VolumeView "detail_coil.ply"}
				}
				{bone "detail_saw"
					{Matrix34
						0	1	0
						-1	0	0
						0	0	1
						157.507	-2.4169	40.6289
					}
					{VolumeView "detail_saw.ply"}
				}
				{bone revolute "front_mgun_rot"
					{limits -12 12}
					{speed 0.02}
					{Matrix34
						0.999753	-0.00138662	-0.0222016
						0.02218	-0.0141302	0.999654
						-0.00169967	-0.999899	-0.0140951
						42.4962	-10.9496	4.69575
					}
					{bone revolute "front_mgun"
						{parameters "ID=body;"}
						{limits -16 6}
						{speed 0.02}
						{Matrix34
							0.999753	0.0221807	-0.00170009
							0.0222021	-0.999654	0.0140952
							-0.00138633	-0.0141313	-0.999899
							1.04368	0.517168	0.0136261
						}
						{VolumeView "front_mgun.ply"}
						{bone revolute "mgun"
							{limits -15 5}
							{Matrix34
								0	0.00174631	0.999998
								-1	0	0
								0	-0.999998	0.00174429
								3.19947	1.1414	0.00362682
							}
							{VolumeView "mgun.ply"}
							{bone prizmatic "foresight4"
								{Matrix34
									-0.00134744	-0.999753	-0.0222037
									-0.0158757	-0.0221803	0.999628
									-0.999873	0.00170065	-0.0158392
									0.0184717	-2.47373	0.161007
								}
							}
						}
					}
				}
			}
		}
	}
}
{Volume "additional_triplex1"
	{Cylinder 2.032 4.6228}
	{Bone "turret_system"}
	{Matrix34
		0.606713	0	0
		0	0.606713	0
		0	0	0.606713
		28.7801	-10.0402	11.7183
	}
}
{Volume "additional_triplex"
	{Cylinder 2.032 4.6228}
	{Bone "turret_system"}
	{Matrix34
		0.606713	0	0
		0	0.606713	0
		0	0	0.606713
		23.0342	10.2194	11.7253
	}
}
{Volume "ammo_storage_main1"
	{Box 7.644 14.7638 2.184}
	{Bone "turret_system"}
	{Matrix34
		-0.0978302	-0.268787	-1.0675
		-1.03851	0.377987	0
		0.365107	1.00312	-0.286036
		8.82911	-14.0481	4.3876
	}
}
{Volume "ammo_storage_main2"
	{Box 10.92 14.76 10.4}
	{Bone "turret_system"}
	{Matrix34
		1.10516	0	0
		0	1.10516	0
		0	0	1.10516
		0.228217	0	4.27318
	}
}
{Volume "ammo_storage_main3"
	{Box 4.0248 2.1942 14.7638}
	{Bone "body_system"}
	{Matrix34
		1.2433	0	0
		0	1.2433	0
		0	0	1.2433
		-35.4706	-1.83255	6.43167
	}
}
{Volume "ammo_storage_main4"
	{Box 4.0248 2.1942 14.7638}
	{Bone "body_system"}
	{Matrix34
		1.2433	0	0
		0	1.2433	0
		0	0	1.2433
		-7.37885	-1.83255	6.43167
	}
}
{Volume "ammo_storage_main"
	{Box 26.832 21.942 8.9838}
	{Bone "body_system"}
	{Matrix34
		1.2433	0	0
		0	1.2433	0
		0	0	1.2433
		-21.5701	10.1881	2.83853
	}
}
{Volume "ammo_storage_mgun1"
	{Box 3.96 4 12.48}
	{Bone "body_system"}
	{Matrix34
		1.13028	0	0
		0	1.13028	0
		0	0	1.13028
		8.90459	-3.2468	2.78438
	}
}
{Volume "ammo_storage_mgun2"
	{Box 3.96 7.84 7.6128}
	{Bone "body_system"}
	{Matrix34
		0.799227	0	-0.799226
		-0.799227	0	-0.799226
		0	1.13028	0
		20.6914	6.48972	1.39685
	}
}
{Volume "ammo_storage_mgun3"
	{Box 3.96 4 12.48}
	{Bone "body_system"}
	{Matrix34
		0	0	-1.13028
		0	1.13028	0
		1.13028	0	0
		2.33704	24.9214	-0.45967
	}
}
{Volume "ammo_storage_mgun"
	{Box 4.66284 8.5608 2.184}
	{Bone "turret_system"}
	{Matrix34
		0.0978303	-0.268787	-1.0675
		-1.03851	-0.377987	0
		-0.365107	1.00312	-0.286036
		31.8557	-13.1335	2.04307
	}
}
{Volume "body"
	{Polyhedron "body.vol"}
	{Bone "body"}
	{Position 4.06049	4.4618	-13.066}
}
{Volume "charger_place"
	{Box 10.01 9 20.8}
	{Bone "turret_system"}
	{Matrix34
		1.10516	0	0
		0	1.10516	0
		0	0	1.10516
		19.0575	-7.45207	-3.46641
	}
}
{Volume "commander1_place"
	{Box 8.6 9 14}
	{Bone "body_system"}
	{Matrix34
		1.2433	0	0
		0	1.2433	0
		0	0	1.2433
		1.22542	4.24864	5.95687
	}
}
{Volume "commander_place"
	{Box 8.6 9 18}
	{Bone "turret_system"}
	{Matrix34
		1.16946	0	0
		0	1.16946	0
		0	0	1.16946
		12.1793	4.87084	-3.00181
	}
}
{Volume "commander_triplex"
	{Cylinder 2.032 29.5674}
	{Bone "turret_system"}
	{Matrix34
		0.0528786	0	0.604404
		0	0.606713	0
		-0.604405	0	0.0528784
		35.0244	4.62218	4.69181
	}
}
{Volume "driver_panel"
	{Box 1.42 9.6 4}
	{Bone "body_system"}
	{Matrix34
		1.02894	0	-0.467771
		0	1.13028	0
		0.467772	0	1.02894
		16.2102	15.7588	6.316
	}
}
{Volume "driver_place"
	{Box 8.6 9 14}
	{Bone "body_system"}
	{Matrix34
		1.2433	0	0
		0	1.2433	0
		0	0	1.2433
		1.22542	16.7142	5.95686
	}
}
{Volume "driver_triplex"
	{Box 0.4 5.4 1}
	{Bone "body_system"}
	{Matrix34
		1.46936	0	0
		0	1.46936	0
		0	0	1.46936
		9.89569	16.5109	14.9376
	}
}
{Volume "engine"
	{Polyhedron "engine.vol"}
	{Bone "engine"}
	{Matrix34
		-1	0	0
		0	-1	0
		0	0	1
		-0.999322	-5.41026	-6.57395
	}
}
{Volume "front_wheels1"
	{Polyhedron "front_wheels1.vol"}
	{Bone "body_system"}
	{Matrix34
		0.661427	0	0.75001
		0	1	0
		-0.75001	0	0.661426
		24.2389	-2.97795	0.376636
	}
}
{Volume "front_wheels"
	{Polyhedron "front_wheels.vol"}
	{Bone "body_system"}
	{Matrix34
		0.661427	0	0.75001
		0	1	0
		-0.75001	0	0.661426
		24.2389	24.2294	0.376635
	}
}
{Volume "fuel_tank_internal_a"
	{Polyhedron "fuel_tank_internal_a.vol"}
	{Bone "body_system"}
	{Matrix34
		-1	0	0
		0	-1	0
		0	0	1
		-17.7181	-6.92036	14.0682
	}
}
{Volume "fuel_tank_internal_b"
	{Polyhedron "fuel_tank_internal_b.vol"}
	{Bone "body_system"}
	{Position -17.7181	29.9343	13.9411}
}
{Volume "fuel_tank_internal_c_vo"
	{Polyhedron "fuel_tank_internal_c_vo.vol"}
	{Bone "body_system"}
	{Position -64.8344	29.9343	13.9411}
}
{Volume "fuel_tank_internal_d"
	{Polyhedron "fuel_tank_internal_d.vol"}
	{Bone "body_system"}
	{Matrix34
		-1	0	0
		0	-1	0
		0	0	1
		-64.8344	-6.92036	14.0682
	}
}
{Volume "gun"
	{Polyhedron "gun.vol"}
	{Bone "gun"}
	{Matrix34
		0.999873	-0.0011305	0.0158957
		-0.0157192	0.093932	0.995454
		-0.00112598	-0.999999	-0.000317549
		0.0774221	35.8382	-0.233685
	}
}
{Volume "gunner_panel"
	{Box 4 4 4}
	{Bone "turret_system"}
	{Matrix34
		0.904221	0	0
		0	0.904222	0
		0	0	0.904221
		31.7072	6.14981	0.422219
	}
}
{Volume "gunner_place"
	{Box 8.6 9 18}
	{Bone "turret_system"}
	{Matrix34
		1.16946	0	0
		0	1.16946	0
		0	0	1.16946
		22.662	6.34757	-3.90648
	}
}
{Volume "panel_engine_connectors1"
	{Box 80 2.96 2}
	{Bone "body_system"}
	{Matrix34
		1.13028	0	0
		0	1.13028	0
		0	0	1.13028
		-28.313	25.7881	-3.82398
	}
}
{Volume "panel_engine_connectors"
	{Box 80 2.96 2}
	{Bone "body_system"}
	{Matrix34
		1.13028	0	0
		0	1.13028	0
		0	0	1.13028
		-28.313	10.7006	-3.82398
	}
}
{Volume "ppu1"
	{Box 12.728 4.77 3.7296}
	{Bone "body_system"}
	{Matrix34
		1.2433	0	0
		0	1.2433	0
		0	0	1.2433
		-47.077	22.2247	-2.61206
	}
}
{Volume "ppu"
	{Box 12.728 4.77 3.7296}
	{Bone "body_system"}
	{Matrix34
		1.2433	0	0
		0	1.2433	0
		0	0	1.2433
		-47.077	-1.16027	-2.61206
	}
}
{Volume "recoil_gun_back"
	{Polyhedron "recoil_gun_back.vol"}
	{Bone "body"}
	{Matrix34
		0.707107	0.707107	0
		-0.707107	0.707107	0
		0	0	1
		11.2803	0.01717	-18.039
	}
}
{Volume "recoil_gun_front"
	{Polyhedron "recoil_gun_front.vol"}
	{Bone "body"}
	{Matrix34
		0.707107	0.707107	0
		-0.707107	0.707107	0
		0	0	1
		11.2803	0.01717	-18.039
	}
}
{Volume "recoil_gun_left"
	{Polyhedron "recoil_gun_left.vol"}
	{Bone "body"}
	{Matrix34
		0.707107	0.707107	0
		-0.707107	0.707107	0
		0	0	1
		11.2803	0.01717	-18.039
	}
}
{Volume "recoil_gun_right"
	{Polyhedron "recoil_gun_right.vol"}
	{Bone "body"}
	{Matrix34
		0.707107	0.707107	0
		-0.707107	0.707107	0
		0	0	1
		11.2803	0.01717	-18.039
	}
}
{Volume "stabilizer"
	{Box 5.676 5.58 15.84}
	{Bone "gun_rot"}
	{Matrix34
		0	-1.16946	0
		-0.00204131	0	1.16946
		-1.16946	0	-0.00204129
		-11.1431	0.344234	-0.820347
	}
}
{Volume "trackleft"
	{Polyhedron "trackleft.vol"}
	{Bone "wheelsl"}
	{Matrix34
		-1	0	0
		0	-1	0
		0	0	1
		-0.254024	-3.09648	-9.95985
	}
}
{Volume "trackright"
	{Polyhedron "trackright.vol"}
	{Bone "wheelsr"}
	{Position 0.174843	-2.88647	-9.95033}
}
{Volume "transmission"
	{Polyhedron "transmission.vol"}
	{Bone "body_system"}
	{Position -71.6381	9.42099	-4.18892}
}
{Volume "turret1"
	{Polyhedron "turret1.vol"}
	{Bone "turret"}
	{Matrix34
		0.999998	0	0.00174522
		0	1	0
		-0.00174522	0	0.999998
		-8.39877	6.79452	16.1255
	}
}
{Volume "turret2"
	{Polyhedron "turret2.vol"}
	{Bone "turret"}
	{Matrix34
		0.999998	0	0.00174522
		0	1	0
		-0.00174522	0	0.999998
		0	0	-0.505644
	}
}
{Volume "turret_move_engine"
	{Box 4 4 4}
	{Bone "turret_system"}
	{Matrix34
		0.904221	0	0
		0	0.904222	0
		0	0	0.904221
		31.7072	10.2882	-2.03139
	}
}
{Volume "turret_ring"
	{Cylinder 16 2.96}
	{Bone "body_system"}
	{Matrix34
		0.969762	0	0
		0	0.969761	0
		0	0	0.969762
		-16.5596	11.4271	18.1349
	}
}
{Volume "turret"
	{Polyhedron "turret.vol"}
	{Bone "turret"}
	{Matrix34
		0	1	0
		-1	0	0
		0	0	1
		-3.44733	-2.40803e-05	9.86927
	}
}
