;Exported by: Андрей
;Date:        Tue Apr 26 15:15:36 2016
;File:        G:\Модели все\Модели к 1.6.1\T-55A\Т-55 МАХ2009.max
{Skeleton
	{animation
		{sequence "start" {speed 0.9}}
		{sequence "stop" {speed 0.9}}
		{sequence "fire"}
		{sequence "open1" {speed 0.3} {resume}}
		{sequence "open12" {speed 0.3} {resume}}
		{sequence "open2" {speed 0.3} {resume}}
		{sequence "open_driver" {speed 0.05} {resume}}
	}
	{bone revolute "basis" {limits -0 0}
		{parameters "Wheelradius=0.4;"}
		{Orientation
			1	0	0
			0	-1	0
			0	0	1
		}
		{bone "emit1"
			{Matrix34
				0	-1	0
				1	0	0
				0	0	1
				20.681	43.8494	0
			}
		}
		{bone "emit2"
			{Matrix34
				0	1	0
				-1	0	0
				0	0	1
				20.681	-48.7292	0
			}
		}
		{bone "emit0"
			{Matrix34
				-1	0	0
				0	-1	0
				0	0	1
				67.7265	12.6863	0
			}
		}
		{bone "fxtracel2"
			{Matrix34
				-1	0	0
				0	0	1
				0	1	0
				-38.5963	27.4107	0.203505
			}
		}
		{bone "fxtracel1"
			{Matrix34
				-1	0	0
				0	0	1
				0	1	0
				37.9811	27.4107	0.203503
			}
		}
		{bone "fxtracer2"
			{Matrix34
				-1	0	0
				0	0	1
				0	1	0
				-38.5963	-27.3684	0.203506
			}
		}
		{bone "fxtracer1"
			{Matrix34
				-1	0	0
				0	0	1
				0	1	0
				37.9811	-27.3684	0.203506
			}
		}
		{bone "wheelsr"
			{parameters "ID=trackright;"}
			{Matrix34
				0	1	0
				0	0	1
				1	0	0
				-7.00635	-21.2824	10.3127
			}
			{bone revolute "wheelr4"
				{parameters "ID=trackright;"}
				{Matrix34
					0	0	-1
					1.08478e-005	1	0
					1	-1.08484e-005	0
					-5.86767	-0.578321	3.43217
				}
				{VolumeView "wheelr4.ply"}
			}
			{bone revolute "wheelr6"
				{parameters "ID=trackright;"}
				{Matrix34
					0	0	-1
					1.08478e-005	1	0
					1	-1.08484e-005	0
					-5.86893	-0.534357	-30.8929
				}
				{VolumeView "wheelr6.ply"}
			}
			{bone revolute "wheelr2"
				{parameters "ID=trackright;"}
				{Matrix34
					0	0	-1
					1.08478e-005	1	0
					1	-1.08484e-005	0
					-5.86622	-0.63039	44.0712
				}
				{VolumeView "wheelr2.ply"}
			}
			{bone revolute "wheelr3"
				{parameters "ID=trackright;"}
				{Matrix34
					0	0	-1
					1.08478e-005	1	0
					1	-1.08484e-005	0
					-5.86709	-0.600444	20.7031
				}
				{VolumeView "wheelr3.ply"}
			}
			{bone revolute "wheelr5"
				{parameters "ID=trackright;"}
				{Matrix34
					0	0	-1
					1.08478e-005	1	0
					1	-1.08484e-005	0
					-5.8683	-0.556337	-13.7318
				}
				{VolumeView "wheelr5.ply"}
			}
			{bone "trackr"
				{parameters "ID=trackright;"}
				{Matrix34
					0.0838783	0	0.996476
					0.995893	0	-0.090543
					0	1	0
					-6.15392	2.38889	7.00756
				}
				{VolumeView "trackr.ply"}
			}
		}
		{bone "wheelsl"
			{parameters "ID=trackleft;"}
			{Matrix34
				0	1	0
				0	0	1
				1	0	0
				-7.00636	21.3086	10.3127
			}
			{bone revolute "wheell2"
				{parameters "ID=trackleft;"}
				{Matrix34
					0	0	-1
					1.08478e-005	1	0
					1	-1.08484e-005	0
					5.83174	-0.742998	42.0092
				}
				{VolumeView "wheell2.ply"}
			}
			{bone revolute "wheell3"
				{parameters "ID=trackleft;"}
				{Matrix34
					0	0	-1
					1.08478e-005	1	0
					1	-1.08484e-005	0
					5.83092	-0.713058	18.6412
				}
				{VolumeView "wheell3.ply"}
			}
			{bone revolute "wheell4"
				{parameters "ID=trackleft;"}
				{Matrix34
					0	0	-1
					1.08478e-005	1	0
					1	-1.08484e-005	0
					5.83029	-0.690947	1.37026
				}
				{VolumeView "wheell4.ply"}
			}
			{bone revolute "wheell5"
				{parameters "ID=trackleft;"}
				{Matrix34
					0	0	-1
					1.08478e-005	1	0
					1	-1.08484e-005	0
					5.82967	-0.668957	-15.7937
				}
				{VolumeView "wheell5.ply"}
			}
			{bone revolute "wheell6"
				{parameters "ID=trackleft;"}
				{Matrix34
					0	0	-1
					1.08478e-005	1	0
					1	-1.08484e-005	0
					5.82906	-0.646972	-32.9548
				}
				{VolumeView "wheell6.ply"}
			}
			{bone "trackl"
				{parameters "ID=trackleft;"}
				{Matrix34
					0.0838783	0	0.996476
					0.995893	0	-0.090543
					0	1	0
					5.59423	2.38886	7.00765
				}
				{VolumeView "trackl.ply"}
			}
		}
		{bone "body"
			{parameters "ID=body;"}
			{Matrix34
				0.0314182	0.999506	0
				-0.00174985	5.72703e-005	0.999998
				0.999505	-0.0314182	0.00175078
				-6.69425	4.12978	19.3321
			}
			{VolumeView "body.ply"}
			{bone "visor1"
				{Matrix34
					0.0314182	-0.00174996	0.999505
					0	0.999998	0.0017509
					-0.999506	-5.73596e-005	0.0314181
					8.29186	10.7857	42.9927
				}
			}
			{bone "headlightl"
				{Matrix34
					0.0314182	-0.00174996	0.999505
					0	0.999998	0.0017509
					-0.999506	-5.73596e-005	0.0314181
					-7.58522	8.22402	51.777
				}
			}
			{bone "fxsmoke1"
				{Matrix34
					0.995704	-0.0870946	-0.0314441
					-0.0314103	0.00175888	-0.999505
					0.0871068	0.996198	-0.000984346
					28.5487	5.90005	-27.476
				}
			}
			{bone "fxsmoke2"
				{Matrix34
					0.995704	-0.0870946	-0.0314441
					-0.0314103	0.00175888	-0.999505
					0.0871068	0.996198	-0.000984346
					28.6427	5.8948	-24.4851
				}
			}
			{bone "fxsmoke3"
				{Matrix34
					0.995704	-0.0870946	-0.0314441
					-0.0314103	0.00175888	-0.999505
					0.0871068	0.996198	-0.000984346
					28.5974	5.89733	-25.9254
				}
			}

			{bone "door_front"
				{Position 14.1764	9.50789	30.8735}
				{VolumeView "door_front.ply"}
			}
			{bone "detail2"
				{Position 6.19945	13.4728	-61.0491}
				{VolumeView "detail2.ply"}
			}
			{bone "detail3"
				{Position -18.6111	13.5233	-60.268}
				{VolumeView "detail3.ply"}
			}
			{bone "detail4"
				{Position -5.88249	4.06344	-60.3801}
				{VolumeView "detail4.ply"}
			}
			{bone revolute "turret"
				{parameters "ID=turret;"}
				{animation
					{sequence "repair" {file "turret_r.anm"}}
				}
				{speed 0.01}
				{Matrix34
					-0.0314112	0.00175384	-0.999505
					-0.999507	-4.73856e-005	0.0314112
					0	0.999998	0.00175447
					-3.86813	10.2915	3.09595
				}
				{VolumeView "turret.ply"}
				{bone "cover_gunner"
					{Matrix34
						-0.0314102	-0.982983	0.180991
						0.00175513	0.181025	0.983477
						-0.999505	0.0312087	-0.00396077
						-0.636459	7.36023	14.3129
					}
					{VolumeView "cover_gunner.ply"}
				}
				{bone "cover_com"
					{Matrix34
						-0.0314109	-0.999507	0
						0.0017537	-4.83839e-005	0.999998
						-0.999505	0.0314109	0.00175436
						5.40137	-10.607	18.4565
					}
					{VolumeView "cover_com.ply"}
				}
				{bone "optica_sh"
					{Matrix34
						-0.0314109	-0.999507	0
						0.0017537	-4.83839e-005	0.999998
						-0.999505	0.0314109	0.00175436
						-14.5232	0.427852	17.2748
					}
					{VolumeView "optica_sh.ply"}
				}
				{bone "visor2"
					{Matrix34
						-1	0	0
						0	0	1
						0	1	0
						-9.65581	-12.3189	14.8064
					}
				}
				{bone revolute "mgun"
					{parameters "ID=mgun;"}
					{limits -5 35}
					{speed 0.01}
					{Matrix34
						-1	0	0
						1.00055e-005	0	1
						0	1	0
						-26.1644	8.20964	6.91903
					}
					{VolumeView "mgun.ply"}
					{bone "foresight5"
						{Matrix34
							0.999999	0	0.00170471
							0	0.999998	-0.00180438
							-0.00170468	0.00180432	0.999997
							3.24956	0.00492477	0.0286102
						}
					}
				}
				{bone "headlightr"
					{Matrix34
						-1	0	0
						0	0	1
						0	1	0
						-25.4118	15.7534	8.4568
					}
				}
				{bone "detail1"
					{Matrix34
						-0.0314109	-0.999507	0
						0.0017537	-4.83839e-005	0.999998
						-0.999505	0.0314109	0.00175436
						-8.49879	23.6835	6.7408
					}
					{VolumeView "detail1.ply"}
				}
				{bone "visor3"
					{Matrix34
						-1	0	0
						0	0	1
						0	1	0
						-29.2231	-6.89987	4.52633
					}
				}
				{bone "fxfire3"
					{Matrix34
						0	-1	0
						1	0	0
						0	0	1
						6.67573	10.3761	10.8057
					}
				}
				{bone "fxfire2"
					{Matrix34
						0	-1	0
						1	0	0
						0	0	1
						9.27281	-10.5149	10.8058
					}
				}
				{bone "gun_rot"
					{parameters "ID=gun;"}
					{Matrix34
						-0.0314114	-0.999507	0
						0.00175368	-4.89729e-005	0.999998
						-0.999505	0.0314114	0.00175436
						-27.2916	2.8628	6.75998
					}
					{VolumeView "gun_rot.ply"}
				}
				{bone revolute "gun_rot_helper"
					{limits -5 15}
					{speed 0.01}
					{Matrix34
						-1	0	0
						0	0	1
						0	1	0
						-25.8082	0.962014	6.44689
					}

					{bone "gun"
						{parameters "ID=gun;"}
						{Matrix34
							0.0314182	0	-0.999506
							-0.00175003	0.999998	-5.79347e-005
							0.999505	0.00175099	0.0314182
							47.3653	-0.224709	0.535191
						}
						{VolumeView "gun.ply"}
						{bone "foresight1"
							{Matrix34
								0.0314186	-0.00174996	0.999505
								0	0.999998	0.00175091
								-0.999506	-5.7691e-005	0.0314186
								1.73054	-0.230019	39.4049
							}

						}
					}
				}
			}
			{bone "shieldl3"
				{Position -32.0199	3.95517	-27.4574}
				{VolumeView "shieldl3.ply"}
			}
			{bone "shieldl4"
				{Position 23.7161	2.3416	56.5524}
				{VolumeView "shieldl4.ply"}
			}
			{bone "shieldl5"
				{Position 23.3815	7.87499	29.1562}
				{VolumeView "shieldl5.ply"}
			}
			{bone "shieldl6"
				{Position 22.7758	7.39911	-3.4621}
				{VolumeView "shieldl6.ply"}
			}
			{bone "shieldl7"
				{Position 21.4746	4.23481	-44.9969}
				{VolumeView "shieldl7.ply"}
			}
			{bone "shieldl1"
				{Position -28.2924	2.43586	58.251}
				{VolumeView "shieldl1.ply"}
			}
			{bone "shieldl2"
				{Position -30.3258	8.4511	22.7759}
				{VolumeView "shieldl2.ply"}
			}
			{bone revolute "wheell1"
				{parameters "ID=trackleft;"}
				{Matrix34
					-0.0314182	0.00174463	-0.999505
					0	0.999998	0.00174548
					0.999506	5.26827e-005	-0.0314181
					22.682	-3.03515	57.8961
				}
				{VolumeView "wheell1.ply"}
			}
			{bone revolute "wheelr1"
				{parameters "ID=trackright;"}
				{Matrix34
					-0.0314182	0.00174463	-0.999505
					0	0.999998	0.00174548
					0.999506	5.26827e-005	-0.0314181
					-27.2358	-2.92305	59.6044
				}
				{VolumeView "wheelr1.ply"}
			}
			{bone revolute "wheell7"
				{parameters "ID=trackleft;"}
				{Matrix34
					-0.0314182	0.00174462	-0.999505
					0	0.999998	0.00174542
					0.999506	5.26869e-005	-0.0314181
					21.2213	-4.56297	-48.3534
				}
				{VolumeView "wheell7.ply"}
			}
			{bone revolute "wheelr7"
				{parameters "ID=trackright;"}
				{Matrix34
					-0.0314182	0.00174462	-0.999505
					0	0.999998	0.00174542
					0.999506	5.26869e-005	-0.0314181
					-32.4666	-4.45091	-46.6455
				}
				{VolumeView "wheelr7.ply"}
			}
			{bone "fxlight"
				{Matrix34
					0.0314182	-0.00174996	0.999505
					0	0.999998	0.0017509
					-0.999506	-5.73596e-005	0.0314181
					-7.58522	8.22402	51.777
				}
			}
		}
	}
}
{Volume "ammo_storage_main1"
	{Box 21.0315 3.22403 10.0614}
	{Bone "body"}
	{Matrix34
		0.0314182	-0.00175002	0.999505
		0.999507	5.69572e-005	-0.0314181
		0	0.999998	0.00175095
		-22.158	-1.6361	2.39228
	}
}
{Volume "ammo_storage_main3"
	{Box 18.2003 2.14813 5.99847}
	{Bone "turret"}
	{Matrix34
		-1	0	0
		0	-0.906312	-0.422609
		0	-0.42261	0.906312
		1.95087	19.1114	6.3737
	}
}
{Volume "ammo_storage_main4"
	{Box 18.2003 2.36294 7.91798}
	{Bone "turret"}
	{Matrix34
		0	1	0
		-0.906303	0	-0.422629
		-0.422629	0	0.906303
		19.4499	-0.222617	7.52932
	}
}
{Volume "ammo_storage_main"
	{Box 17.8054 15.4143 13.1123}
	{Bone "body"}
	{Matrix34
		0.0314339	-0.00174996	0.999504
		0	0.999998	0.00175089
		-0.999506	-5.76256e-005	0.0314338
		-14.8219	-0.669823	31.0824
	}
}
{Volume "ammo_storage_mgun"
	{Box 2.00339 4.17607 3.8688}
	{Bone "body"}
	{Matrix34
		0.0314182	-0.00175002	0.999505
		0.999507	7.22458e-005	-0.0314181
		-1.70488e-005	0.999998	0.00175143
		-6.75884	2.37414	26.0907
	}
}
{Volume "body1"
	{Polyhedron "body1.vol"}
	{Bone "body"}
	{Matrix34
		0.999507	6.1005e-005	-0.0314112
		-0.0314113	0.00175888	-0.999505
		0	0.999998	0.00175993
		-3.50567	5.17529	4.65106
	}
}
{Volume "charger_place"
	{Box 8.74023 13.8761 20.9653}
	{Bone "turret"}
	{Matrix34
		0	-1	0
		1	0	0
		0	0	1
		1.28185	11.1333	0.128774
	}
}
{Volume "commander_place"
	{Box 11.9259 10.3163 22.8803}
	{Bone "turret"}
	{Matrix34
		0	-1	0
		1	0	0
		0	0	1
		7.38593	-10.7288	1.10641
	}
}
{Volume "commander_triplex"
	{Box 5.22748 4.5092 5.278}
	{Bone "turret"}
	{Matrix34
		0	-1	1.28781e-005
		1	0	0
		0	1.28712e-005	1
		-8.09277	-12.1036	14.131
	}
}
{Volume "driver_panel"
	{Box 1.27694 6.54433 9.6348}
	{Bone "body"}
	{Matrix34
		0.0284686	-0.424204	0.905119
		0.0132727	0.905567	0.423996
		-0.999507	-5.74586e-005	0.0314105
		8.30486	4.66924	40.8133
	}
}
{Volume "driver_place"
	{Box 9.49726 10.2469 16.8442}
	{Bone "body"}
	{Matrix34
		0.0314182	-0.00175002	0.999505
		0.999507	5.69572e-005	-0.0314181
		0	0.999998	0.00175095
		8.14262	0.0560207	35.8276
	}
}
{Volume "driver_triplex"
	{Box 2.2546 1.93537 9.18321}
	{Bone "body"}
	{Matrix34
		0.0314259	-0.00174758	0.999504
		0	0.999998	0.00174835
		-0.999506	-5.18151e-005	0.0314259
		7.17277	10.6644	41.9056
	}
}
{Volume "engine_vol_"
	{Polyhedron "engine_vol_.vol"}
	{Bone "body"}
	{Matrix34
		0.0314182	-0.00174996	0.999505
		0	0.999998	0.0017509
		-0.999506	-5.73596e-005	0.0314181
		-5.27957	-0.169847	-36.5136
	}
}
{Volume "front_wheels"
	{Box 4.54289 4.48646 40.5291}
	{Bone "body"}
	{Matrix34
		0.0314182	-0.00174996	0.999505
		0	0.999998	0.0017509
		-0.999507	-5.74341e-005	0.0314181
		-2.27862	-3.0208	58.6699
	}
}
{Volume "fuel_tank_external_c1"
	{Box 39.1346 11.8117 4.84763}
	{Bone "shieldl3"}
	{Matrix34
		0.0314181	-0.00174992	0.999505
		0.999506	6.73855e-005	-0.0314181
		-1.23654e-005	0.999998	0.00175117
		0.485177	4.15778	1.46543
	}
}
{Volume "fuel_tank_external_c"
	{Box 20.032 11.8117 4.5305}
	{Bone "shieldl2"}
	{Matrix34
		0.0314182	-0.00175002	0.999505
		0.999506	6.46469e-005	-0.0314181
		0	0.999998	0.00175119
		0.767179	0.346497	14.0971
	}
}
{Volume "fuel_tank_internal_a"
	{Polyhedron "fuel_tank_internal_a.vol"}
	{Bone "body"}
	{Matrix34
		0.0314182	-0.00174996	0.999505
		0	0.999998	0.0017509
		-0.999506	-5.73596e-005	0.0314181
		-21.1989	-0.418011	45.4808
	}
}
{Volume "fuel_tank_internal_b"
	{Box 5.53358 38.5106 15.1286}
	{Bone "body"}
	{Matrix34
		0.0314182	-0.00175002	0.999505
		0.999507	5.69572e-005	-0.0314181
		0	0.999998	0.00175095
		-4.92112	0.0805845	-23.627
	}
}
{Volume "gun"
	{Cylinder 2.12575 83.8555}
	{Bone "gun"}
	{Matrix34
		0.999506	5.78699e-005	-0.0314183
		0	0.999998	0.00175083
		0.0314184	-0.00174987	0.999505
		0.377108	-0.167721	-4.21936
	}
}
{Volume "gunner_place"
	{Box 11.9259 14.4428 19.2272}
	{Bone "turret"}
	{Matrix34
		0	-1	0
		1	0	0
		0	0	1
		-7.19001	-10.7289	-0.72011
	}
}
{Volume "mgun"
	{Box 0.743021 0.808813 3.75628}
	{Bone "mgun"}
	{Matrix34
		0	-0.001766	-0.999998
		0.00174728	0.999997	-0.00176604
		0.999999	-0.00174746	0
		1.18882	-0.0162176	0.0134098
	}
}
{Volume "panel_engine_connectors"
	{Box 2.96275 1.55192 76.5025}
	{Bone "body"}
	{Matrix34
		0.999507	5.71922e-005	-0.0314026
		0	0.999998	0.00175095
		0.0314027	-0.00175001	0.999505
		7.88882	-9.00896	4.95545
	}
}
{Volume "ppu"
	{Box 17.4379 4.34537 10.26}
	{Bone "body"}
	{Matrix34
		0.0314182	-0.00175002	0.999505
		0.999507	7.22607e-005	-0.0314181
		-1.71084e-005	0.999998	0.00175143
		-6.81125	-3.18603	34.51
	}
}
{Volume "ring_armor"
	{Cylinder 21.2205 3.21302}
	{Bone "body"}
	{Matrix34
		0.999506	5.62438e-005	-0.0314189
		-0.0314189	0.00174997	-0.999505
		0	0.999999	0.00175087
		-4.02544	10.9481	2.56762
	}
}
{Volume "shieldl1"
	{Polyhedron "shieldl1.vol"}
	{Bone "shieldl1"}
	{Matrix34
		0.0314181	-0.00174993	0.999505
		0.999506	5.40933e-005	-0.0314181
		0	0.999998	0.00175077
		-1.05978	3.30641	3.90346
	}
}
{Volume "shieldl2"
	{Box 49.237 13.0925 0.9776}
	{Bone "shieldl2"}
	{Matrix34
		0.0314181	-0.00174992	0.999505
		0.999507	5.41488e-005	-0.0314182
		0	0.999998	0.00175078
		-0.217678	-2.59581	0.888775
	}
}
{Volume "shieldl3"
	{Box 60.0451 13.0925 0.9776}
	{Bone "shieldl3"}
	{Matrix34
		0.0314181	-0.00175002	0.999505
		0.999507	5.70738e-005	-0.0314181
		0	0.999998	0.00175095
		-0.136388	1.98999	-0.184371
	}
}
{Volume "shieldl4"
	{Polyhedron "shieldl4.vol"}
	{Bone "shieldl4"}
	{Matrix34
		0.0314181	-0.00174993	0.999505
		0.999506	5.40933e-005	-0.0314181
		0	0.999998	0.00175077
		0.726336	3.40375	3.91112
	}
}
{Volume "shieldl5"
	{Box 33.7132 13.0925 0.9776}
	{Bone "shieldl5"}
	{Matrix34
		0.0314181	-0.00174992	0.999505
		0.999507	5.41488e-005	-0.0314182
		0	0.999998	0.00175078
		0.0862871	-2.02969	0.301217
	}
}
{Volume "shieldl6"
	{Box 33.7132 13.0925 0.9776}
	{Bone "shieldl6"}
	{Matrix34
		0.0314181	-0.00174992	0.999505
		0.999507	5.41488e-005	-0.0314182
		0	0.999998	0.00175078
		-0.37189	-1.49455	-0.926348
	}
}
{Volume "shieldl7"
	{Box 28.3191 13.0925 0.9776}
	{Bone "shieldl7"}
	{Matrix34
		0.0314181	-0.00174992	0.999505
		0.999507	5.41488e-005	-0.0314182
		0	0.999998	0.00175078
		-0.354396	1.74125	-0.228575
	}
}
{Volume "stabilizer"
	{Box 22.0265 7.78575 9.17579}
	{Bone "turret"}
	{Matrix34
		1	0	0
		0	1.44964e-005	1
		0	-1	1.45033e-005
		-12.8305	1.16402	6.64554
	}
}
{Volume "trackleft"
	{Polyhedron "trackleft.vol"}
	{Bone "wheelsl"}
	{Matrix34
		1	0	0
		0	1	0
		0	0	1
		5.78988	1.2139	0.000192642
	}
}
{Volume "trackright"
	{Polyhedron "trackright.vol"}
	{Bone "wheelsr"}
	{Matrix34
		1	0	0
		0	1	0
		0	0	1
		-6.0488	1.21397	0.000261784
	}
}
{Volume "transmission"
	{Polyhedron "transmission.vol"}
	{Bone "body"}
	{Matrix34
		-0.031434	0.00174997	-0.999504
		0	0.999998	0.0017509
		0.999506	5.73427e-005	-0.031434
		-5.65661	-1.98852	-48.4877
	}
}
{Volume "turret_move_engine"
	{Box 4.54911 4.38949 3.4385}
	{Bone "turret"}
	{Matrix34
		0	-1	0
		1	0	0
		0	0	1
		-15.7916	-10.3942	2.61092
	}
}
{Volume "turret_ring1"
	{Cylinder 20.1905 2.65075}
	{Bone "turret"}
	{Matrix34
		0	-1	0
		1	0	0
		0	0	1
		0.534168	0.140602	1.0824
	}
}
{Volume "turret_ring"
	{Cylinder 20.1905 2.65075}
	{Bone "body"}
	{Matrix34
		0.999506	5.73153e-005	-0.0314183
		-0.0314184	0.00174993	-0.999505
		0	0.999998	0.00175088
		-4.02543	8.49832	2.56335
	}
}
{Volume "turret"
	{Polyhedron "turret.vol"}
	{Bone "turret"}
	{Matrix34
		-1	-1.46945e-005	0
		1.46946e-005	-1	1.87992e-005
		0	1.87958e-005	1
		-1.60773	-0.512497	8.13627
	}
}
