;Exported by: Администратор
;Date:        Tue Dec 24 15:44:02 2013
;File:        G:\Работа с Pheonix\Редактирование\Конвертация\Т-80УМ1\T80UM1 final 2.max
{Skeleton
	{animation
		{sequence "start" {speed 0.5}}
		{sequence "stop" {speed 0.5}}
		{sequence "fire" {speed 0.5}}
		{sequence "open_driver" {speed 0.5} {resume}}
		{sequence "fire_mgun"}
	}
	{bone "basis"
		{parameters "Wheelradius=0.5;"}
		{Orientation
			1	0	0
			0	-1	0
			0	0	1
		}
		{bone "body"
			{parameters "ID=body;"}
			{animation
				{sequence "repair" {file "body_r.anm"}}
			}
			{Matrix34
				1	0	0
				0	0	1
				0	1	0
				2.17972	-0.0348387	17.4504
			}
			{VolumeView "body.ply"}
			{bone revolute "wheell8"
				{Matrix34
					1	0	0
					0	-1	0
					0	0	1
					-52.013	-1.58049	27.5703
				}
				{VolumeView "wheell8.ply"}
			}
			{bone revolute "wheell1"
				{Matrix34
					1	0	0
					0	-1	0
					0	0	1
					56.5435	-3.47074	26.9125
				}
				{VolumeView "wheell1.ply"}
			}


			{bone "fxstop3"
				{Matrix34
					-1	0	0
					0	0	-1
					0	1	0
					-67.1524	5.63409	-22.4284
				}
			}
			{bone "fxstop2"
				{Matrix34
					-1	0	0
					0	0	-1
					0	1	0
					-67.1524	5.63412	25.7196
				}
			}

			{bone revolute "katok1"
				{parameters "ID=trackright;"}
				{Matrix34
					1	0	0
					0	1	0
					0	0	-1
					-28.7606	0.492088	-24.5241
				}
				{VolumeView "katok1.ply"}
			}
			{bone revolute "katok2"
				{parameters "ID=trackright;"}
				{Matrix34
					1	0	0
					0	1	0
					0	0	-1
					-12.2582	0.492085	-24.5241
				}
				{VolumeView "katok2.ply"}
			}
			{bone revolute "katok3"
				{parameters "ID=trackright;"}
				{Matrix34
					1	0	0
					0	1	0
					0	0	-1
					3.50191	0.492085	-24.5241
				}
				{VolumeView "katok3.ply"}
			}
			{bone revolute "katok4"
				{parameters "ID=trackright;"}
				{Matrix34
					1	0	0
					0	1	0
					0	0	-1
					19.6735	0.492083	-24.5241
				}
				{VolumeView "katok4.ply"}
			}
			{bone revolute "katok5"
				{parameters "ID=trackright;"}
				{Matrix34
					1	0	0
					0	1	0
					0	0	-1
					36.2406	0.492083	-24.5241
				}
				{VolumeView "katok5.ply"}
			}
			{bone revolute "katok6"
				{parameters "ID=trackleft;"}
				{Matrix34
					1	0	0
					0	-1	0
					0	0	1
					-28.7606	0.492115	24.4394
				}
				{VolumeView "katok6.ply"}
			}
			{bone revolute "katok7"
				{parameters "ID=trackleft;"}
				{Matrix34
					1	0	0
					0	-1	0
					0	0	1
					-12.2582	0.492113	24.4394
				}
				{VolumeView "katok7.ply"}
			}
			{bone revolute "katok8"
				{parameters "ID=trackleft;"}
				{Matrix34
					1	0	0
					0	-1	0
					0	0	1
					3.50191	0.492113	24.4394
				}
				{VolumeView "katok8.ply"}
			}
			{bone revolute "katok9"
				{parameters "ID=trackleft;"}
				{Matrix34
					1	0	0
					0	-1	0
					0	0	1
					19.6735	0.492109	24.4394
				}
				{VolumeView "katok9.ply"}
			}
			{bone revolute "katok10"
				{parameters "ID=trackleft;"}
				{Matrix34
					1	0	0
					0	-1	0
					0	0	1
					36.2406	0.492105	24.4394
				}
				{VolumeView "katok10.ply"}
			}
			{bone "detail2"
				{parameters "ID=body;"}
				{animation
					{sequence "repair" {file "body_r.anm"}}
				}
				{Position 64.3726	1.76742	-27.5791}
				{VolumeView "detail2.ply"}
			}
			{bone "detail1"
				{parameters "ID=body;"}
				{animation
					{sequence "repair" {file "body_r.anm"}}
				}
				{Position -63.06	-1.39311	-0.14362}
				{VolumeView "detail1.ply"}
			}
			{bone "detail3"
				{parameters "ID=body;"}
				{animation
					{sequence "repair" {file "body_r.anm"}}
				}
				{Position 64.3726	1.76563	27.5786}
				{VolumeView "detail3.ply"}
			}


			{bone "shieldl1"
				{parameters "id=d_a;"}
				{Matrix34
					1	0	0
					0	1	0
					0	0	1
					62.6022	-3.55923	0.0247535
				}
				{VolumeView "shieldl1.ply"}
			}
			{bone "shieldr1"
				{parameters "id=d_a;"}
				{Matrix34
					1	0	0
					0	1	1.30726e-005
					0	0	-1
					62.6022	-3.55923	0.00316501
				}
				{VolumeView "shieldr1.ply"}
			}
			{bone revolute "wheelr1"
				{Matrix34
					1	0	0
					0	-1	0
					0	0	1
					56.5435	-3.47068	-26.84
				}
				{VolumeView "wheelr1.ply"}
			}
			{bone revolute "wheelr8"
				{Matrix34
					1	0	0
					0	-1	0
					0	0	1
					-52.013	-1.58042	-27.4974
				}
				{VolumeView "wheelr8.ply"}
			}
			{bone "engine"
				{parameters "ID=engine;"}
				{Position -36.0544	10.3174	-0.00212592}
				{VolumeView "engine.ply"}
			}
			{bone revolute "turret"
				{parameters "ID=Turret;"}
				{animation
					{sequence "repair" {file "turret_r.anm"}}
				}
				{speed 0.01}
				{Matrix34
					1	0	0
					0	0	-1
					0	1	0
					-0.244544	6.05948	-0.0940971
				}
				{VolumeView "turret.ply"}
				{bone "mgun5"
					{parameters "ID=mgun;"}
					{Matrix34
						1	0	0
						0	0	1
						0	-1	0
						22.7032	6.39057	9.75224
					}
					{VolumeView "mgun5.ply"}
					{bone revolute "foresight5"
						{limits -8 28}
						{speed 0.01}
						{Matrix34
							1	0	0
							0	1	0
							0	0	-1
							4.47085	-0.114922	0.0114598
						}
					}
				}
				{bone revolute "d_a23"
					{parameters "id=d_a;"}
					{Matrix34
						1	0	0
						0	0	1
						0	-1	0
						-13.5816	1.70122	17.3814
					}
					{VolumeView "d_a23.ply"}
				}
				{bone revolute "d_a20"
					{parameters "id=d_a;"}
					{Matrix34
						1	0	0
						0	0	1
						0	-1	0
						-1.94772	-2.83801	18.6048
					}
					{VolumeView "d_a20.ply"}
				}
				{bone revolute "d_a29"
					{parameters "id=d_a;"}
					{Matrix34
						1	0	0
						0	0	1
						0	-1	0
						-20.3588	-5.81262	16.5315
					}
					{VolumeView "d_a29.ply"}
				}
				{bone revolute "d_a13"
					{parameters "id=d_a;"}
					{Matrix34
						1	0	0
						0	0	1
						0	-1	0
						8.89225	7.3244	16.1977
					}
					{VolumeView "d_a13.ply"}
				}
				{bone revolute "d_a27"
					{parameters "id=d_a;"}
					{Matrix34
						1	0	0
						0	0	1
						0	-1	0
						-17.1184	13.8998	16.5335
					}
					{VolumeView "d_a27.ply"}
				}
				{bone revolute "d_a14"
					{parameters "id=d_a;"}
					{Matrix34
						1	0	0
						0	0	1
						0	-1	0
						8.89225	4.27473	16.1672
					}
					{VolumeView "d_a14.ply"}
				}
				{bone revolute "d_a18"
					{parameters "id=d_a;"}
					{Matrix34
						1	0	0
						0	0	1
						0	-1	0
						4.63241	2.75156	16.9677
					}
					{VolumeView "d_a18.ply"}
				}
				{bone revolute "d_a31"
					{parameters "id=d_a;"}
					{Matrix34
						1	0	0
						0	0	1
						0	-1	0
						-8.03154	1.0847	18.7712
					}
					{VolumeView "d_a31.ply"}
				}
				{bone revolute "d_a21"
					{parameters "id=d_a;"}
					{Matrix34
						1	0	0
						0	0	1
						0	-1	0
						-2.49912	0.578968	17.3077
					}
					{VolumeView "d_a21.ply"}
				}
				{bone revolute "d_a22"
					{parameters "id=d_a;"}
					{Matrix34
						1	0	0
						0	0	1
						0	-1	0
						-9.94434	-1.28954	17.4549
					}
					{VolumeView "d_a22.ply"}
				}
				{bone revolute "d_a24"
					{parameters "id=d_a;"}
					{Matrix34
						1	0	0
						0	0	1
						0	-1	0
						-15.4536	4.74953	17.1286
					}
					{VolumeView "d_a24.ply"}
				}
				{bone revolute "d_a30"
					{parameters "id=d_a;"}
					{Matrix34
						1	0	0
						0	0	1
						0	-1	0
						-20.5073	-11.913	16.1742
					}
					{VolumeView "d_a30.ply"}
				}
				{bone revolute "d_a28"
					{parameters "id=d_a;"}
					{Matrix34
						1	0	0
						0	0	1
						0	-1	0
						-20.5143	-8.84598	16.3345
					}
					{VolumeView "d_a28.ply"}
				}
				{bone revolute "d_a25"
					{parameters "id=d_a;"}
					{Matrix34
						1	0	0
						0	0	1
						0	-1	0
						-18.9446	7.78994	16.8028
					}
					{VolumeView "d_a25.ply"}
				}
				{bone revolute "d_a26"
					{parameters "id=d_a;"}
					{Matrix34
						1	0	0
						0	0	1
						0	-1	0
						-18.9446	10.8624	16.5622
					}
					{VolumeView "d_a26.ply"}
				}
				{bone revolute "d_a11"
					{parameters "id=d_a;"}
					{Matrix34
						1	0	0
						0	0	1
						0	-1	0
						8.89225	13.3286	15.9858
					}
					{VolumeView "d_a11.ply"}
				}
				{bone revolute "d_a12"
					{parameters "id=d_a;"}
					{Matrix34
						1	0	0
						0	0	1
						0	-1	0
						8.89225	10.3149	16.1679
					}
					{VolumeView "d_a12.ply"}
				}
				{bone revolute "d_a17"
					{parameters "id=d_a;"}
					{Matrix34
						1	0	0
						0	0	1
						0	-1	0
						8.89402	-4.89231	16.1297
					}
					{VolumeView "d_a17.ply"}
				}
				{bone revolute "d_a19"
					{parameters "id=d_a;"}
					{Matrix34
						1	0	0
						0	0	1
						0	-1	0
						4.63166	-3.30181	16.9085
					}
					{VolumeView "d_a19.ply"}
				}
				{bone revolute "d_a15"
					{parameters "id=d_a;"}
					{Matrix34
						1	0	0
						0	0	1
						0	-1	0
						8.89225	1.20764	16.1672
					}
					{VolumeView "d_a15.ply"}
				}
				{bone revolute "d_a16"
					{parameters "id=d_a;"}
					{Matrix34
						1	0	0
						0	0	1
						0	-1	0
						8.89197	-1.86555	16.1722
					}
					{VolumeView "d_a16.ply"}
				}
				{bone "enumerator"
					{Matrix34
						-0.387667	-0.9213	0.030337
						-0.921639	0.388003	0.00587465
						0.0171831	0.0256825	0.999523
						-14.4152	-31.4601	10.3754
					}
					{VolumeView "enumerator.ply"}
				}
				{bone "d_a32"
					{parameters "id=d_a;"}
					{Matrix34
						0.40229	0.915512	0
						-0.915512	0.40229	0
						0	0	1
						26.4728	-9.10988	9.9814
					}
					{VolumeView "d_a32.ply"}
					{bone "kaz_15"
						{parameters "id=kaz;"}
						{Matrix34
							0.969747	0.243087	-0.0223661
							-0.206411	0.767606	-0.606775
							-0.130331	0.593034	0.794559
							-0.779521	-0.50428	-3.03743
						}
						{VolumeView "kaz_15.ply"}
					}
					{bone "kaz_shot_b_15"
						{parameters "id=d_a;"}
						{Matrix34
							0.163721	-0.741396	-0.65079
							0.900214	-0.2497	0.356741
							-0.342153	-0.658894	0.669918
							4.37789	-25.2806	23.6992
						}
					}
					{bone "kaz_shot_a_15"
						{parameters "id=d_a;"}
						{Matrix34
							0.192644	-0.742065	0.642049
							0.985998	0.158926	0.0505027
							-0.144289	0.627791	0.764892
							-0.196712	-2.79186	-0.412289
						}
					}
				}
				{bone "smoke_guns_right"
					{parameters "id=turret;"}
					{Matrix34
						1	0	0
						0	-1	0
						0	0	1
						10.9507	26.3921	13.2056
					}
					{VolumeView "smoke_guns_right.ply"}
					{bone revolute "foresight20"
						{limits -8 28}
						{speed 0.01}
						{Matrix34
							0.866026	-0.499999	0
							0.499999	0.866026	0
							0	0	1
							7.16536	1.21106	-0.601803
						}
					}
				}
				{bone "turret_light1"
					{Matrix34
						1	0	0
						0	-1	0
						0	0	1
						2.94042	-19.0841	18.012
					}
				}
				{bone "visor1"
					{Matrix34
						1	0	0
						0	-1	0
						0	0	1
						3.04804	-15.0564	18.9908
					}
				}
				{bone "fxstop1"
					{Matrix34
						-1	0	0
						0	1	0
						0	0	1
						-22.4435	-3.53613	19.6509
					}
				}
				{bone revolute "turret_mgun"
					{parameters "ID=turret;"}
					{speed 0.05}
					{Position -4.93033	11.3695	22.0769}
					{VolumeView "turret_mgun.ply"}
					{bone "gunner2"
						{Matrix34
							1	0	0
							0	-1	0
							0	0	1
							0.367352	0.0638466	-11.106
						}
					}
					{bone revolute "mgun_rot"
						{limits -20 10}
						{speed 0.03}
						{Matrix34
							1	0	0
							0	0	1
							0	1	0
							6.54833	0.00682926	3.13702
						}
						{VolumeView "mgun_rot.ply"}
						{bone "dshkm"
							{Position -1.33378	2.28802	-0.0551739}
						}
					}
					{bone "visor3"
						{Matrix34
							1	0	0
							0	-1	0
							0	0	1
							7.30903	0.0868845	-1.3672
						}
					}
					{bone "fxfire3"
						{Matrix34
							1	0	0
							0	-1	0
							0	0	1
							-2.2655	0.0868826	-3.80002
						}
					}
				}
				{bone revolute "gun_rot1"
					{limits -10 10}
					{speed 0.02}
					{Matrix34
						1	0	0
						0	-1	0
						0	0	1
						18.9508	0.00602454	10.3354
					}
					{bone revolute "gun_rot"
						{parameters "ID=gun;"}
						{limits -2 28}
						{speed 0.01}
						{Matrix34
							1	0	0
							0	-5.4419e-005	1
							0	1	5.45382e-005
							1.28488	0.204321	-0.927635
						}
						{VolumeView "gun_rot.ply"}
						{bone "gun"
							{parameters "ID=gun;"}
							{Position 10.8207	-1.14441e-005	0}
							{VolumeView "gun.ply"}
							{bone "g_setka"
								{parameters "CommonMesh;id=setka;"}
								{Matrix34
									-0.0210562	-5.43241e-005	0.999778
									-0.999778	0	-0.0210562
									0	1	5.42961e-005
									34.0913	-5.6151	0.821961
								}
								{VolumeView "g_setka.ply"}
							}
							{bone "foresight1"
								{Matrix34
									1	0	0
									0	-5.45224e-005	1
									0	1	5.45224e-005
									89.8099	0.0514374	-0.133125
								}
							}
						}
					}
				}
				{bone "turret_systems"
					{Matrix34
						0.999963	-7.43838e-005	0.00866468
						7.43792e-005	1	0
						-0.00866468	0	0.999963
						-20.2727	-0.360248	10.8475
					}
				}
				{bone "d_a33"
					{parameters "id=d_a;"}
					{Matrix34
						0.661271	0.750147	0
						-0.750147	0.661271	0
						0	0	1
						24.0559	-16.0283	9.9814
					}
					{VolumeView "d_a33.ply"}
					{bone "kaz_13"
						{parameters "id=kaz;"}
						{Matrix34
							0.974233	0.224433	-0.0223657
							-0.191642	0.771427	-0.606773
							-0.118926	0.595425	0.79456
							-1.68771	-1.09881	-3.03743
						}
						{VolumeView "kaz_13.ply"}
					}
					{bone "kaz_shot_a_13"
						{parameters "id=d_a;"}
						{Matrix34
							0.178369	-0.745626	0.642048
							0.988866	0.139976	0.0505026
							-0.132215	0.630443	0.764893
							-1.14893	-3.39713	-0.4123
						}
					}
					{bone "kaz_shot_b_13"
						{parameters "id=d_a;"}
						{Matrix34
							0.149463	-0.744401	-0.65079
							0.895257	-0.266929	0.35674
							-0.354734	-0.652207	0.669918
							2.9933	-25.9695	23.6992
						}
					}
					{bone "kaz_14"
						{parameters "id=kaz;"}
						{Matrix34
							0.925636	0.377754	-0.0223658
							-0.312866	0.730712	-0.606774
							-0.212868	0.568649	0.79456
							2.43601	0.129107	-3.03744
						}
						{VolumeView "kaz_14.ply"}
					}
					{bone "kaz_shot_a_14"
						{parameters "id=d_a;"}
						{Matrix34
							0.295628	-0.707374	0.642049
							0.953623	0.296737	0.0505025
							-0.231601	0.601083	0.764892
							3.3364	-2.05309	-0.412281
						}
					}
					{bone "kaz_shot_b_14"
						{parameters "id=d_a;"}
						{Matrix34
							0.2669	-0.7108	-0.65079
							0.926476	-0.119912	0.356741
							-0.245556	-0.700651	0.669918
							11.0447	-23.6691	23.6992
						}
					}
				}
				{bone "d_a34"
					{parameters "id=d_a;"}
					{Matrix34
						0.873958	0.486001	0
						-0.486001	0.873958	0
						0	0	1
						19.602	-21.803	9.98141
					}
					{VolumeView "d_a34.ply"}
					{bone "kaz_16"
						{parameters "id=kaz;"}
						{Matrix34
							0.949696	0.312374	-0.0223658
							-0.261219	0.750727	-0.606773
							-0.17275	0.582093	0.79456
							1.4541	-0.656696	-3.03744
						}
						{VolumeView "kaz_16.ply"}
					}
					{bone "kaz_shot_b_16"
						{parameters "id=d_a;"}
						{Matrix34
							0.216751	-0.727661	-0.65079
							0.915876	-0.184142	0.35674
							-0.293754	-0.68185	0.669918
							8.38449	-24.9967	23.6992
						}
					}
					{bone "kaz_shot_a_16"
						{parameters "id=d_a;"}
						{Matrix34
							0.245647	-0.726245	0.642048
							0.971973	0.229605	0.0505025
							-0.189178	0.615753	0.764893
							2.20033	-2.89631	-0.412292
						}
					}
					{bone "kaz_17"
						{parameters "id=kaz;"}
						{Matrix34
							0.988487	0.149646	-0.0223657
							-0.132383	0.783773	-0.606774
							-0.0732715	0.602749	0.79456
							-2.89857	-1.4719	-3.03743
						}
						{VolumeView "kaz_17.ply"}
					}
					{bone "kaz_shot_b_17"
						{parameters "id=d_a;"}
						{Matrix34
							0.0923838	-0.753617	-0.65079
							0.872349	-0.33428	0.356741
							-0.403336	-0.623322	0.669918
							-0.123731	-26.6267	23.6992
						}
					}
					{bone "kaz_shot_a_17"
						{parameters "id=d_a;"}
						{Matrix34
							0.121112	-0.757037	0.642049
							0.996651	0.0643211	0.0505027
							-0.0838572	0.638677	0.764892
							-2.53623	-3.80459	-0.412281
						}
					}
				}
				{bone "d_a35"
					{parameters "id=d_a;"}
					{Matrix34
						0.97787	0.209213	0
						-0.209213	0.97787	0
						0	0	1
						13.8431	-25.4827	9.98141
					}
					{VolumeView "d_a35.ply"}
					{bone "kaz_18"
						{parameters "id=kaz;"}
						{Matrix34
							0.976716	0.213366	-0.0223656
							-0.182879	0.773551	-0.606774
							-0.112164	0.596736	0.79456
							-0.0445108	-1.13442	-3.03743
						}
						{VolumeView "kaz_18.ply"}
					}
					{bone "kaz_shot_b_18"
						{parameters "id=d_a;"}
						{Matrix34
							0.141009	-0.746049	-0.65079
							0.892172	-0.277067	0.356741
							-0.36211	-0.648141	0.669918
							4.35404	-26.0566	23.6992
						}
					}
					{bone "kaz_shot_a_18"
						{parameters "id=d_a;"}
						{Matrix34
							0.169899	-0.747601	0.642049
							0.99039	0.128749	0.0505028
							-0.125055	0.631903	0.764892
							0.46818	-3.43873	-0.412281
						}
					}
				}
				{bone "d_a36"
					{parameters "id=d_a;"}
					{Matrix34
						0.999975	-0.00709911	0
						0.00709917	0.999975	0
						0	0	1
						6.85727	-27.8232	9.98141
					}
					{VolumeView "d_a36.ply"}
					{bone "kaz_19"
						{parameters "id=kaz;"}
						{Matrix34
							0.965319	0.260113	-0.0223652
							-0.219885	0.763856	-0.606774
							-0.140746	0.590649	0.79456
							3.03536	-0.318012	-3.03743
						}
						{VolumeView "kaz_19.ply"}
					}
					{bone "kaz_shot_b_19"
						{parameters "id=d_a;"}
						{Matrix34
							0.176741	-0.7384	-0.65079
							0.904469	-0.233821	0.356741
							-0.330506	-0.664813	0.669918
							8.62791	-24.9997	23.6992
						}
					}
					{bone "kaz_shot_a_19"
						{parameters "id=d_a;"}
						{Matrix34
							0.205672	-0.738561	0.642049
							0.983049	0.176252	0.0505031
							-0.155314	0.625154	0.764892
							3.65833	-2.59499	-0.412281
						}
					}
					{bone "kaz_20"
						{parameters "id=kaz;"}
						{Matrix34
							0.988831	0.147357	-0.0223652
							-0.130568	0.784077	-0.606774
							-0.0718764	0.602917	0.79456
							-1.54809	-1.63855	-3.03743
						}
						{VolumeView "kaz_20.ply"}
					}
					{bone "kaz_shot_b_20"
						{parameters "id=d_a;"}
						{Matrix34
							0.0906393	-0.753828	-0.65079
							0.871573	-0.336299	0.356741
							-0.404778	-0.622387	0.669918
							1.1685	-26.7997	23.6992
						}
					}
					{bone "kaz_shot_a_20"
						{parameters "id=d_a;"}
						{Matrix34
							0.119359	-0.757316	0.642049
							0.996797	0.0620135	0.0505031
							-0.0823788	0.638869	0.764892
							-1.19115	-3.97207	-0.412289
						}
					}
				}
				{bone "d_a48"
					{parameters "id=d_a;"}
					{Matrix34
						0.999983	0.00586094	0
						0.0058611	-0.999983	0
						0	0	1
						6.89633	27.727	9.98138
					}
					{VolumeView "d_a48.ply"}
					{bone "kaz_07"
						{parameters "id=kaz;"}
						{Matrix34
							0.96564	0.258917	-0.022365
							-0.218939	0.764128	-0.606773
							-0.140014	0.590821	0.79456
							2.99665	-0.448614	-3.03743
						}
						{VolumeView "kaz_07.ply"}
					}
					{bone "kaz_shot_b_07"
						{parameters "id=d_a;"}
						{Matrix34
							0.175827	-0.738618	-0.650791
							0.904179	-0.23494	0.356741
							-0.331328	-0.664404	0.669917
							8.55865	-25.1373	23.6992
						}
					}
					{bone "kaz_shot_a_07"
						{parameters "id=d_a;"}
						{Matrix34
							0.204757	-0.738816	0.642048
							0.983266	0.175034	0.0505031
							-0.154539	0.625345	0.764893
							3.6168	-2.72636	-0.412289
						}
					}
					{bone "kaz_08"
						{parameters "id=kaz;"}
						{Matrix34
							0.989012	0.146133	-0.022365
							-0.129597	0.784239	-0.606773
							-0.0711297	0.603005	0.79456
							-1.58843	-1.7635	-3.03743
						}
						{VolumeView "kaz_08.ply"}
					}
					{bone "kaz_shot_b_08"
						{parameters "id=d_a;"}
						{Matrix34
							0.0897055	-0.753939	-0.650791
							0.871155	-0.337378	0.356741
							-0.405549	-0.621885	0.669917
							1.097	-26.9281	23.6992
						}
					}
					{bone "kaz_shot_a_08"
						{parameters "id=d_a;"}
						{Matrix34
							0.118421	-0.757464	0.642048
							0.996873	0.060779	0.0505033
							-0.0815877	0.63897	0.764893
							-1.23438	-4.09745	-0.412289
						}
					}
				}
				{bone "d_a46"
					{parameters "id=d_a;"}
					{Matrix34
						0.976942	-0.213506	0
						-0.213506	-0.976942	0
						0	0	1
						13.8638	25.404	9.98138
					}
					{VolumeView "d_a46.ply"}
					{bone "kaz_06"
						{parameters "id=kaz;"}
						{Matrix34
							0.977644	0.209075	-0.0223651
							-0.17948	0.774347	-0.606773
							-0.109543	0.597222	0.79456
							-0.0929947	-1.23637	-3.03743
						}
						{VolumeView "kaz_06.ply"}
					}
					{bone "kaz_shot_b_06"
						{parameters "id=d_a;"}
						{Matrix34
							0.137732	-0.74666	-0.650791
							0.890946	-0.280982	0.356741
							-0.364952	-0.646545	0.669917
							4.19607	-26.1777	23.6992
						}
					}
					{bone "kaz_shot_a_06"
						{parameters "id=d_a;"}
						{Matrix34
							0.166614	-0.748341	0.642048
							0.990946	0.124399	0.0505031
							-0.122279	0.632445	0.764893
							0.409575	-3.54291	-0.412292
						}
					}
				}
				{bone "d_a44"
					{parameters "id=d_a;"}
					{Matrix34
						0.880324	-0.474372	0
						-0.474372	-0.880324	0
						0	0	1
						19.566	21.7939	9.98138
					}
					{VolumeView "d_a44.ply"}
					{bone "kaz_04"
						{parameters "id=kaz;"}
						{Matrix34
							0.945471	0.324937	-0.0223646
							-0.271148	0.747198	-0.606774
							-0.180452	0.579751	0.79456
							1.47558	-0.689198	-3.03742
						}
						{VolumeView "kaz_04.ply"}
					}
					{bone "kaz_shot_b_04"
						{parameters "id=d_a;"}
						{Matrix34
							0.226379	-0.724724	-0.65079
							0.918236	-0.171984	0.356741
							-0.284689	-0.685684	0.669917
							8.72803	-24.9352	23.6992
						}
					}
					{bone "kaz_shot_a_04"
						{parameters "id=d_a;"}
						{Matrix34
							0.255253	-0.722925	0.642048
							0.968843	0.24247	0.0505038
							-0.197325	0.61319	0.764893
							2.25143	-2.91872	-0.412281
						}
					}
					{bone "kaz_05"
						{parameters "id=kaz;"}
						{Matrix34
							0.986416	0.162737	-0.0223651
							-0.142762	0.781949	-0.606774
							-0.0812562	0.601724	0.79456
							-2.86591	-1.56204	-3.03744
						}
						{VolumeView "kaz_05.ply"}
					}
					{bone "kaz_shot_b_05"
						{parameters "id=d_a;"}
						{Matrix34
							0.102367	-0.752325	-0.650791
							0.876704	-0.322686	0.356741
							-0.395037	-0.628615	0.669918
							0.242159	-26.6779	23.6992
						}
					}
					{bone "kaz_shot_a_05"
						{parameters "id=d_a;"}
						{Matrix34
							0.131137	-0.755365	0.642049
							0.99571	0.0775277	0.0505032
							-0.092317	0.637509	0.764892
							-2.47268	-3.88972	-0.412292
						}
					}
				}
				{bone "d_a42"
					{parameters "id=d_a;"}
					{Matrix34
						0.401648	-0.915794	0
						-0.915794	-0.401648	0
						0	0	1
						26.6119	9.13991	12.4836
					}
					{VolumeView "d_a42.ply"}
					{bone "kaz_03"
						{parameters "id=kaz;"}
						{Matrix34
							0.969917	0.242406	-0.0223647
							-0.205871	0.767752	-0.606774
							-0.129915	0.593125	0.79456
							-0.836051	-0.376497	-5.53967
						}
						{VolumeView "kaz_03.ply"}
					}
					{bone "kaz_shot_b_03"
						{parameters "id=d_a;"}
						{Matrix34
							0.163202	-0.74151	-0.65079
							0.900039	-0.250331	0.356741
							-0.342615	-0.658655	0.669917
							4.30395	-25.1564	21.197
						}
					}
					{bone "kaz_shot_a_03"
						{parameters "id=d_a;"}
						{Matrix34
							0.192123	-0.742201	0.642049
							0.986109	0.158235	0.0505036
							-0.143849	0.627891	0.764892
							-0.254849	-2.66449	-2.91452
						}
					}
				}
				{bone "d_a55"
					{parameters "id=d_a;"}
					{Matrix34
						0.635896	-0.771775	0
						-0.771775	-0.635896	0
						0	0	1
						23.9723	16.0155	9.98138
					}
					{VolumeView "d_a44.ply"}
					{bone "kaz_01"
						{parameters "id=kaz;"}
						{Matrix34
							0.981173	0.19183	-0.0223646
							-0.165819	0.777387	-0.606774
							-0.0990117	0.599058	0.79456
							-1.70359	-1.134	-3.03743
						}
						{VolumeView "kaz_01.ply"}
					}
					{bone "kaz_shot_a_01"
						{parameters "id=d_a;"}
						{Matrix34
							0.153413	-0.751158	0.642048
							0.992983	0.106934	0.0505038
							-0.111126	0.6345	0.764893
							-1.24173	-3.44901	-0.4123
						}
					}
					{bone "kaz_shot_b_01"
						{parameters "id=d_a;"}
						{Matrix34
							0.124566	-0.748969	-0.650791
							0.885861	-0.296625	0.356741
							-0.376279	-0.64002	0.669917
							2.14568	-26.147	23.6992
						}
					}
					{bone "kaz_02"
						{parameters "id=kaz;"}
						{Matrix34
							0.937714	0.346687	-0.0223646
							-0.288333	0.740736	-0.606774
							-0.193794	0.575429	0.79456
							2.45879	-0.0442352	-3.03743
						}
						{VolumeView "kaz_02.ply"}
					}
					{bone "kaz_shot_a_02"
						{parameters "id=d_a;"}
						{Matrix34
							0.271881	-0.716836	0.642049
							0.962985	0.264782	0.0505037
							-0.211435	0.608469	0.764892
							3.28593	-2.25524	-0.412285
						}
					}
					{bone "kaz_shot_b_02"
						{parameters "id=d_a;"}
						{Matrix34
							0.243057	-0.719302	-0.65079
							0.921963	-0.150731	0.356742
							-0.268778	-0.692076	0.669917
							10.2693	-24.1162	23.6992
						}
					}
				}
				{bone "smoke_guns_left"
					{parameters "id=turret;"}
					{Position 10.9507	-26.5486	13.2056}
					{VolumeView "smoke_guns_left.ply"}
					{bone revolute "foresight21"
						{limits -8 28}
						{speed 0.01}
						{Matrix34
							0.866026	-0.5	0
							0.5	0.866026	0
							0	0	1
							7.16536	0.730337	-0.601807
						}
					}
				}
				{bone "kaz_09"
					{parameters "id=kaz;"}
					{Matrix34
						0.99973	-0.0063446	-0.0223655
						-0.0186176	-0.794657	-0.606773
						0.0139231	-0.607025	0.79456
						0.820662	30.4177	6.94394
					}
					{VolumeView "kaz_09.ply"}
				}
				{bone "kaz_10"
					{parameters "id=kaz;"}
					{Matrix34
						0.983766	0.178058	-0.0223661
						0.128191	-0.78447	-0.606773
						0.125586	-0.594055	0.79456
						-3.5408	30.227	6.94395
					}
					{VolumeView "kaz_10.ply"}
				}
				{bone "kaz_11"
					{parameters "id=kaz;"}
					{Matrix34
						0.913261	0.406762	-0.0223661
						0.310958	-0.731527	-0.606773
						0.263173	-0.547187	0.79456
						-7.44015	28.9719	6.94394
					}
					{VolumeView "kaz_11.ply"}
				}
				{bone "kaz_12"
					{parameters "id=kaz;"}
					{Matrix34
						0.790998	0.61141	-0.022366
						0.475305	-0.637112	-0.606773
						0.385237	-0.469325	0.79456
						-11.0271	26.7244	6.94394
					}
					{VolumeView "kaz_12.ply"}
				}
				{bone "kaz_21"
					{parameters "id=kaz;"}
					{Matrix34
						0.99973	0.00634459	-0.0223655
						-0.0186176	0.794657	-0.606774
						0.0139232	0.607026	0.79456
						0.820661	-30.3874	6.94397
					}
					{VolumeView "kaz_21.ply"}
				}
				{bone "kaz_22"
					{parameters "id=kaz;"}
					{Matrix34
						0.983766	-0.178058	-0.0223656
						0.128191	0.78447	-0.606773
						0.125586	0.594056	0.79456
						-3.5408	-30.1966	6.94398
					}
					{VolumeView "kaz_22.ply"}
				}
				{bone "kaz_23"
					{parameters "id=kaz;"}
					{Matrix34
						0.91326	-0.406762	-0.0223656
						0.310958	0.731526	-0.606774
						0.263173	0.547188	0.79456
						-7.44015	-28.9415	6.94398
					}
					{VolumeView "kaz_23.ply"}
				}
				{bone "kaz_24"
					{parameters "id=kaz;"}
					{Matrix34
						0.790998	-0.61141	-0.0223652
						0.475305	0.637111	-0.606774
						0.385237	0.469327	0.79456
						-11.0271	-26.694	6.94398
					}
					{VolumeView "kaz_24.ply"}
				}
				{bone "arena_radar"
					{parameters "ID=Turret;"}
					{Position -21.0559	5.48485	19.2924}
					{VolumeView "arena_radar.ply"}
				}
				{bone "kaz_shot_a_09"
					{parameters "id=d_a;"}
					{Matrix34
						0.0112963	0.766581	0.642048
						0.995573	0.0792696	0.0505027
						0.00859958	-0.6441	0.764893
						0.844739	32.7783	9.56908
					}
				}
				{bone "kaz_shot_b_09"
					{parameters "id=d_a;"}
					{Matrix34
						-0.0166439	0.759074	-0.650791
						0.815395	0.455926	0.35674
						-0.488555	0.55904	0.669917
						-0.0405215	55.7105	33.6806
					}
				}
				{bone "kaz_shot_b_10"
					{parameters "id=d_a;"}
					{Matrix34
						-0.156289	0.742997	-0.650791
						0.717374	0.598425	0.35674
						-0.583237	0.459397	0.669917
						-9.04977	54.9276	33.6806
					}
				}
				{bone "kaz_shot_a_10"
					{parameters "id=d_a;"}
					{Matrix34
						-0.130211	0.755526	0.642048
						0.963898	0.261439	0.0505022
						0.127188	-0.631476	0.764893
						-3.95229	32.5515	9.56908
					}
				}
				{bone "kaz_shot_b_11"
					{parameters "id=d_a;"}
					{Matrix34
						-0.328395	0.684564	-0.650791
						0.554595	0.751772	0.35674
						-0.675708	0.307619	0.669917
						-18.6617	51.6554	33.6806
					}
				}
				{bone "kaz_shot_a_11"
					{parameters "id=d_a;"}
					{Matrix34
						-0.306042	0.702932	0.642048
						0.874145	0.483032	0.0505022
						0.273623	-0.583154	0.764893
						-8.3923	31.132	9.56909
					}
				}
				{bone "kaz_shot_b_12"
					{parameters "id=d_a;"}
					{Matrix34
						-0.481128	0.587356	-0.650791
						0.360848	0.861699	0.35674
						-0.729326	0.138902	0.669917
						-27.2999	46.1064	33.6806
					}
				}
				{bone "kaz_shot_a_12"
					{parameters "id=d_a;"}
					{Matrix34
						-0.463759	0.610494	0.642048
						0.734938	0.676251	0.0505022
						0.403905	-0.501796	0.764893
						-12.4636	28.5977	9.56908
					}
				}
				{bone "kaz_shot_a_21"
					{parameters "id=d_a;"}
					{Matrix34
						0.0112967	-0.766581	0.642048
						0.995573	-0.0792692	0.0505028
						0.00859919	0.6441	0.764893
						0.844738	-32.7479	9.56911
					}
				}
				{bone "kaz_shot_b_21"
					{parameters "id=d_a;"}
					{Matrix34
						-0.0166436	-0.759075	-0.65079
						0.815395	-0.455925	0.356741
						-0.488555	-0.559039	0.669918
						-0.0405209	-55.6801	33.6806
					}
				}
				{bone "kaz_shot_b_22"
					{parameters "id=d_a;"}
					{Matrix34
						-0.156289	-0.742998	-0.650791
						0.717373	-0.598424	0.35674
						-0.583237	-0.459396	0.669917
						-9.04978	-54.8972	33.6806
					}
				}
				{bone "kaz_shot_a_22"
					{parameters "id=d_a;"}
					{Matrix34
						-0.130211	-0.755526	0.642048
						0.963898	-0.261438	0.0505026
						0.127188	0.631476	0.764893
						-3.95229	-32.5211	9.56912
					}
				}
				{bone "kaz_shot_b_23"
					{parameters "id=d_a;"}
					{Matrix34
						-0.328395	-0.684565	-0.65079
						0.554595	-0.751772	0.35674
						-0.675708	-0.307619	0.669918
						-18.6617	-51.625	33.6806
					}
				}
				{bone "kaz_shot_a_23"
					{parameters "id=d_a;"}
					{Matrix34
						-0.306041	-0.702931	0.642048
						0.874146	-0.483031	0.0505027
						0.273623	0.583155	0.764893
						-8.3923	-31.1016	9.56912
					}
				}
				{bone "kaz_shot_b_24"
					{parameters "id=d_a;"}
					{Matrix34
						-0.481128	-0.587357	-0.65079
						0.360848	-0.861698	0.356741
						-0.729326	-0.138901	0.669918
						-27.2999	-46.0759	33.6806
					}
				}
				{bone "kaz_shot_a_24"
					{parameters "id=d_a;"}
					{Matrix34
						-0.463758	-0.610493	0.642049
						0.734938	-0.676251	0.0505031
						0.403904	0.501798	0.764892
						-12.4636	-28.5673	9.56911
					}
				}
			}
			{bone "d_a8"
				{parameters "id=d_a;"}
				{Matrix34
					0.913204	-0.407502	0
					0.407502	0.913204	0
					0	0	1
					40.983	7.99391	-14.2222
				}
				{VolumeView "d_a8.ply"}
			}
			{bone "d_a7"
				{parameters "id=d_a;"}
				{Matrix34
					0.913204	-0.407502	0
					0.407502	0.913204	0
					0	0	1
					49.8119	4.04852	-14.1835
				}
				{VolumeView "d_a7.ply"}
			}
			{bone "d_a10"
				{parameters "id=d_a;"}
				{Matrix34
					0.913204	-0.407502	0
					0.407502	0.913204	0
					0	0	1
					40.983	7.99392	14.2683
				}
				{VolumeView "d_a10.ply"}
			}
			{bone "d_a9"
				{parameters "id=d_a;"}
				{Matrix34
					0.913204	-0.407502	0
					0.407502	0.913204	0
					0	0	1
					49.8119	4.04852	14.2814
				}
				{VolumeView "d_a9.ply"}
			}
			{bone "d_a5"
				{parameters "id=d_a;"}
				{Matrix34
					0.913204	-0.407502	0
					0.407502	0.913204	0
					0	0	1
					47.4899	5.12685	0.0660208
				}
				{VolumeView "d_a5.ply"}
			}
			{bone "d_a6"
				{parameters "id=d_a;"}
				{Matrix34
					0.913204	-0.407502	0
					0.407502	0.913204	0
					0	0	1
					47.4899	5.12685	6.36349
				}
				{VolumeView "d_a6.ply"}
			}
			{bone "d_a3"
				{parameters "id=d_a;"}
				{Matrix34
					0.913204	-0.407502	0
					0.407502	0.913204	0
					0	0	1
					56.6649	1.12066	6.27422
				}
				{VolumeView "d_a3.ply"}
			}
			{bone "d_a2"
				{parameters "id=d_a;"}
				{Matrix34
					0.913204	-0.407502	0
					0.407502	0.913204	0
					0	0	1
					56.6649	1.12066	0.0502723
				}
				{VolumeView "d_a2.ply"}
			}
			{bone "d_a4"
				{parameters "id=d_a;"}
				{Matrix34
					0.913204	-0.407502	0
					0.407502	0.913204	0
					0	0	1
					47.4899	5.12685	-6.08575
				}
				{VolumeView "d_a4.ply"}
			}
			{bone "d_a1"
				{parameters "id=d_a;"}
				{Matrix34
					0.913204	-0.407502	0
					0.407502	0.913204	0
					0	0	1
					56.6649	1.12066	-6.00737
				}
				{VolumeView "d_a1.ply"}
			}
			{bone "b_setka"
				{parameters "CommonMesh;ID=setka;"}
				{Matrix34
					-0.0101707	0.0629829	0.997963
					-0.999216	0.037543	-0.0125529
					0.0382572	0.997308	-0.0625517
					-0.788683	7.36343	-0.132512
				}
				{VolumeView "b_setka.ply"}
			}
			{bone "door_front"
				{parameters "ID=body;"}
				{Position 32.5233	10.194	-6.52009}
				{VolumeView "door_front.ply"}
			}
			{bone "seat01"
				{Matrix34
					0	0	1
					-1	0	0
					0	1	0
					-54.7731	9.99425	26.9727
				}
			}
			{bone "seat02"
				{Matrix34
					0	0	1
					-1	0	0
					0	1	0
					-37.9194	9.99425	26.9727
				}
			}
			{bone "seat03"
				{Matrix34
					0	0	-1
					1	0	0
					0	1	0
					-37.9194	10.0577	-27.1222
				}
			}
			{bone "seat04"
				{Matrix34
					0	0	-1
					1	0	0
					0	1	0
					-54.9736	10.0577	-27.1222
				}
			}
			{bone "fxsmoke1"
				{Matrix34
					-0.984808	-0.173647	0
					0	0	-1
					-0.173647	0.984808	0
					-65.1887	4.90642	0.123619
				}
			}
			{bone "visor2"
				{Matrix34
					1	0	0
					0	0	1
					0	1	0
					39.5038	8.13071	-0.325787
				}
			}
			{bone "body_systems"
				{Matrix34
					0.999961	0.00168347	-0.00866445
					-0.00866443	-1.46306e-005	-0.999963
					-0.00168354	0.999999	0
					38.8095	-10.283	-0.642345
				}
			}
			{bone "shieldl6"
				{parameters "ID=body;"}
				{animation
					{sequence "repair" {file "body_r.anm"}}
				}
				{Position 0	0	-0.0342886}
				{VolumeView "shieldl6.ply"}
			}
			{bone "shieldr6"
				{parameters "ID=body;"}
				{animation
					{sequence "repair" {file "body_r.anm"}}
				}
				{Position 0	0	0}
				{VolumeView "shieldr6.ply"}
			}
			{bone "shieldr4"
				{parameters "ID=body;"}
				{animation
					{sequence "repair" {file "body_r.anm"}}
				}
				{Position 0	0	0}
				{VolumeView "shieldr4.ply"}
				{bone "d_a52"
					{parameters "id=d_a;"}
					{Matrix34
						1	0	0
						0	0	1
						0	1	0
						15.5822	7.52397	-33.9502
					}
				}
				{bone "d_a51"
					{parameters "id=d_a;"}
					{Matrix34
						1	0	0
						0	0	1
						0	1	0
						15.5822	-0.465525	-33.9502
					}
				}
			}
			{bone "shieldl2"
				{parameters "ID=body;"}
				{animation
					{sequence "repair" {file "body_r.anm"}}
				}
				{Position 0	0	0}
				{VolumeView "shieldl2.ply"}
				{bone "d_a38"
					{parameters "id=d_a;"}
					{Matrix34
						1	0	0
						0	0	1
						0	1	0
						50.5169	-1.208	34.4244
					}
				}
				{bone "d_a37"
					{parameters "id=d_a;"}
					{Matrix34
						1	0	0
						0	0	1
						0	1	0
						50.5169	6.80819	34.4244
					}
				}
			}
			{bone "shieldr2"
				{parameters "ID=body;"}
				{animation
					{sequence "repair" {file "body_r.anm"}}
				}
				{Position 0	0	0}
				{VolumeView "shieldr2.ply"}
				{bone "d_a47"
					{parameters "id=d_a;"}
					{Matrix34
						1	0	0
						0	0	1
						0	1	0
						51.1156	7.19008	-33.9502
					}
				}
				{bone "d_a45"
					{parameters "id=d_a;"}
					{Matrix34
						1	0	0
						0	0	1
						0	1	0
						51.1156	-1.03873	-33.9502
					}
				}
			}
			{bone "shieldr3"
				{parameters "ID=body;"}
				{animation
					{sequence "repair" {file "body_r.anm"}}
				}
				{Position 0	0	0}
				{VolumeView "shieldr3.ply"}
				{bone "d_a50"
					{parameters "id=d_a;"}
					{Matrix34
						1	0	0
						0	0	1
						0	1	0
						31.846	-0.465534	-33.9502
					}
				}
				{bone "d_a49"
					{parameters "id=d_a;"}
					{Matrix34
						1	0	0
						0	0	1
						0	1	0
						31.8461	7.19008	-33.9502
					}
				}
			}
			{bone "shieldl3"
				{parameters "ID=body;"}
				{animation
					{sequence "repair" {file "body_r.anm"}}
				}
				{Position 0	0	0}
				{VolumeView "shieldl3.ply"}
				{bone "d_a40"
					{parameters "id=d_a;"}
					{Matrix34
						1	0	0
						0	0	1
						0	1	0
						32.7667	6.88412	34.4244
					}
				}
				{bone "d_a39"
					{parameters "id=d_a;"}
					{Matrix34
						1	0	0
						0	0	1
						0	1	0
						32.7667	-1.208	34.4244
					}
				}
			}
			{bone "shieldl4"
				{parameters "ID=body;"}
				{animation
					{sequence "repair" {file "body_r.anm"}}
				}
				{Position 0	0	0}
				{VolumeView "shieldl4.ply"}
				{bone "d_a43"
					{parameters "id=d_a;"}
					{Matrix34
						1	0	0
						0	0	1
						0	1	0
						15.647	-1.03869	34.4244
					}
				}
				{bone "d_a41"
					{parameters "id=d_a;"}
					{Matrix34
						1	0	0
						0	0	1
						0	1	0
						15.647	6.88412	34.4244
					}
				}
			}
			{bone "headlightl"
				{parameters "id=d_a;"}
				{Matrix34
					1	0	0
					0	0	1
					0	1	0
					57.5187	3.74345	15.8951
				}
			}
			{bone "headlightr"
				{parameters "id=d_a;"}
				{Matrix34
					1	0	0
					0	0	1
					0	1	0
					57.5187	3.74343	-16.0173
				}
			}
			{bone "d_a53"
				{parameters "id=d_a;"}
				{Matrix34
					1	0	0
					0	0	1
					0	1	0
					55.737	-0.465525	-16.3697
				}
			}
			{bone "d_a54"
				{parameters "id=d_a;"}
				{Matrix34
					1	0	0
					0	0	1
					0	1	0
					56.9112	-0.465508	16.1435
				}
			}
			{bone "fxfire1"
				{Matrix34
					1	0	0
					0	0	1
					0	1	0
					-45.4774	4.93469	0.123618
				}
			}
			{bone "fxfire2"
				{Matrix34
					1	0	0
					0	0	1
					0	1	0
					1.95073	4.93469	0.123615
				}
			}
		}
		{bone "wheelsl"
			{parameters "ID=trackleft;"}
			{animation
				{sequence "repair" {file "trackL_r.anm"}}
			}
			{Position -0.0488416	20.0739	7.48928}
			{bone revolute "wheell3"
				{parameters "ID=trackleft;"}
				{Matrix34
					1	0	0
					0	0	-1
					0	1	0
					29.7366	8.12738	-0.442504
				}
				{VolumeView "wheell3.ply"}
			}
			{bone revolute "wheell6"
				{parameters "ID=trackleft;"}
				{Matrix34
					1	0	0
					0	0	-1
					0	1	0
					-19.1871	8.12738	-0.442504
				}
				{VolumeView "wheell6.ply"}
			}
			{bone revolute "wheell7"
				{parameters "ID=trackleft;"}
				{Matrix34
					1	0	0
					0	0	-1
					0	1	0
					-35.8407	8.12738	-0.442504
				}
				{VolumeView "wheell7.ply"}
			}
			{bone revolute "wheell5"
				{parameters "ID=trackleft;"}
				{Matrix34
					1	0	0
					0	0	-1
					0	1	0
					-1.8942	8.12738	-0.442504
				}
				{VolumeView "wheell5.ply"}
			}
			{bone revolute "wheell2"
				{parameters "ID=trackleft;"}
				{Matrix34
					1	0	0
					0	0	-1
					0	1	0
					45.3387	8.12738	-0.442498
				}
				{VolumeView "wheell2.ply"}
			}
			{bone revolute "wheell4"
				{parameters "ID=trackleft;"}
				{Matrix34
					1	0	0
					0	0	-1
					0	1	0
					12.7057	8.12738	-0.927886
				}
				{VolumeView "wheell4.ply"}
			}
			{bone "trackl"
				{parameters "ID=trackleft;"}
				{Matrix34
					1	0	0
					0	0	1
					0	1	0
					-7.06784	9.46289	4.23489
				}
				{VolumeView "trackl.ply"}
			}
			{bone "fxtracel2"
				{Matrix34
					-0.939414	0	0.342786
					0	-1	0
					0.342786	0	0.939414
					-44.4222	9.13046	-5.94074
				}
			}
			{bone "fxtracel1"
				{Matrix34
					-1	0	0.000815066
					0	-1	0
					0.000815066	0	1
					35.6778	8.46465	-6.00607
				}
			}
		}
		{bone "wheelsr"
			{parameters "ID=trackright;"}
			{animation
				{sequence "repair" {file "trackR_r.anm"}}
			}
			{Position -0.0488416	-19.8785	7.48928}
			{bone revolute "wheelr2"
				{parameters "ID=trackright;"}
				{Matrix34
					1	0	0
					0	0	-1
					0	1	0
					45.3387	-8.4189	-0.4424
				}
				{VolumeView "wheelr2.ply"}
			}
			{bone revolute "wheelr3"
				{parameters "ID=trackright;"}
				{Matrix34
					1	0	0
					0	0	-1
					0	1	0
					29.7366	-8.41892	-0.442406
				}
				{VolumeView "wheelr3.ply"}
			}
