;Exported by: Андрей
;Date:        Sun Oct 23 16:30:29 2016
;File:        G:\Модели все\модели\scenes\бтр-80 длс\БТР-82A\Сьорка\БТР-80.max
{Skeleton
	{animation
		{sequence "start" {speed 0.6}}
		{sequence "stop" {speed 0.6}}
		{sequence "fire" {speed 0.8}}
		{sequence "open" {speed 0.4} {resume}}
		{sequence "open2" {speed 0.4} {resume}}
		{sequence "open_r" {speed 0.5} {resume}}
		{sequence "open_l" {speed 0.5} {resume}}
		{sequence "open_d1" {speed 0.5} {resume}}
		{sequence "open_d2" {speed 0.5} {resume}}
		{sequence "open_d" {speed 0.3} {resume}}
		{sequence "open_volnorez" {speed 0.3} {resume}}
	}
	{bone revolute "basis" {limits -0 0}
		{parameters "WheelRadius=0.52;SteerMax=35;"}
		{Orientation
			1	0	0
			0	-1	0
			0	0	1
		}
		{bone "emit5"
			{Matrix34
				0	-1	0
				1	0	0
				0	0	1
				-23.6135	44.3437	0.0294462
			}
		}
		{bone "emit6"
			{Matrix34
				0	1	0
				-1	0	0
				0	0	1
				-22.964	-44.6073	0.0294451
			}
		}
		{bone "emit4"
			{Matrix34
				0	-1	0
				1	0	0
				0	0	1
				0.218573	36.334	0.0294462
			}
		}
		{bone "emit3"
			{Matrix34
				0	1	0
				-1	0	0
				0	0	1
				0.220149	-36.0583	0.0294451
			}
		}
		{bone "emit1"
			{Matrix34
				0	1	0
				-1	0	0
				0	0	1
				34.1792	-35.9478	0.0294451
			}
		}
		{bone "emit2"
			{Matrix34
				0	-1	0
				1	0	0
				0	0	1
				33.0752	36.9519	0.0294451
			}
		}
		{bone "body"
			{parameters "ID=body;"}
			{animation
				{sequence "repair" {file "body_r.anm"}}
			}
			{Matrix34
				0.0111032	-0.999938	0
				0.999938	0.0111032	0
				0	0	1
				4.92531	-0.245318	26.1417
			}
			{VolumeView "body.ply"}
			{bone "glass"
				{Position -1.14781	52.6265	5.05175}
				{VolumeView "glass.ply"}
			}
			{bone "drivel_shil"
				{parameters "ID=body;"}
				{Matrix34
					1	0	0
					0	0.871574	-0.490264
					0	0.490264	0.871574
					-0.714283	49.2006	7.68749
				}
				{VolumeView "drivel_shil.ply"}
				{bone "en1"
					{Matrix34
						-0.999717	0.0212012	-0.0107618
						0.00259638	-0.352572	-0.935781
						-0.0236347	-0.935544	0.352417
						5.21508	4.44198	0.251759
					}
					{VolumeView "en1.ply"}
				}
			}
			{bone "fxfire1"
				{Matrix34
					0.0111032	0.999938	0
					-0.999938	0.0111032	0
					0	0	1
					-0.296723	-35.7904	1.38821
				}
			}
			{bone "fxsmoke2"
				{Matrix34
					0.0899146	-0.995948	-0.00137075
					-0.0270671	-0.0010678	-0.999633
					0.995582	0.0899188	-0.0270534
					18.9485	-71.0803	9.12874
				}
			}
			{bone "fxsmoke1"
				{Matrix34
					-0.112008	-0.993706	-0.00137005
					0.0270369	-0.00166933	-0.999633
					0.993339	-0.112004	0.0270538
					-20.7831	-70.7348	9.19737
				}
			}
			{bone "visor2"
				{Matrix34
					0.0111032	0.999938	0
					-0.999938	0.0111032	0
					0	0	1
					-6.33766	47.0679	9.5686
				}
			}
			{bone "antenna"
				{Position -0.0370321	0	20.5637}
				{VolumeView "antenna.ply"}
			}
			{bone "fxstop2"
				{Matrix34
					-0.0111083	-0.999938	0
					0	0	1
					-0.999938	0.0111083	0
					12.5638	-73.2257	7.77074
				}
			}
			{bone "fxstop1"
				{Matrix34
					-0.0111083	-0.999938	0
					0	0	1
					-0.999938	0.0111083	0
					-14.601	-72.9241	7.77089
				}
			}
				{bone "enumerator"
					{Matrix34
						0.812325	-0.00778041	-0.583153
						-0.0128715	-0.999907	-0.00458984
						0.583063	-0.0112347	0.812349
						-23.3857	14.8163	2.49761
					}
					{VolumeView "enumerator.ply"}
				}
			{bone "voln_detail2"
				{parameters "CommonMesh;ID=body;"}
				{Matrix34
					0.0111035	0.999938	-5.96242e-005
					0	5.95383e-005	1
					0.999938	-0.0111035	0
					0.730693	66.1278	0.63283
				}
				{VolumeView "voln_detail2.ply"}
				{bone "voln_detail1"
					{parameters "CommonMesh;ID=body;"}
					{Position -6.52082	0.399059	-0.000126004}
					{VolumeView "voln_detail1.ply"}
					{bone "volnorez"
						{parameters "ID=body;"}
						{Matrix34
							0.999979	0.00644074	0
							-0.00644092	0.999979	0
							0	0	1
							2.52437	2.47304	0.027962
						}
						{VolumeView "volnorez.ply"}
					}
				}
			}
			{bone "engine1"
				{parameters "CommonMesh;ID=engine;"}
				{Position -0.474772	-29.7291	10.8524}
				{VolumeView "engine1.ply"}
			}
			{bone "engine3"
				{parameters "CommonMesh;ID=engine;"}
				{Position -0.474697	-29.7291	10.8524}
				{VolumeView "engine3.ply"}
			}
			{bone "engine2"
				{parameters "CommonMesh;ID=engine;"}
				{Position -0.474697	-29.7291	10.8524}
				{VolumeView "engine2.ply"}
			}
			{bone "detail3"
				{Position -0.698057	0.0077424	1.17784}
				{VolumeView "detail3.ply"}
			}
			{bone "detail4"
				{Position -1.46173	-12.3382	-2.0629}
				{VolumeView "detail4.ply"}
			}
			{bone "lyk_3"
				{parameters "ID=body;"}
				{animation
					{sequence "repair" {file "body_r.anm"}}
				}
				{Matrix34
					1	0	0
					0	0.999998	0.00193441
					0	-0.00193441	0.999998
					7.1394	41.5144	11.1409
				}
				{VolumeView "lyk_3.ply"}
			}
			{bone "lyk_driver"
				{parameters "ID=body;"}
				{animation
					{sequence "repair" {file "body_r.anm"}}
				}
				{Matrix34
					0.588261	0.808671	0
					-0.80867	0.588261	-0.00105
					-0.000849249	0.000617415	0.999999
					-5.72396	34.2419	11.1428
				}
				{VolumeView "lyk_driver.ply"}
			}
			{bone "headlightr"
				{Matrix34
					0.0111032	0.999938	0
					-0.999938	0.0111032	0
					0	0	1
					23.4308	52.1647	4.7689
				}
			}
			{bone "headlightl"
				{Matrix34
					0.0111032	0.999938	0
					-0.999938	0.0111032	0
					0	0	1
					-22.5857	52.6756	4.68222
				}
			}
			{bone "fxlight"
				{Matrix34
					0.0111032	0.999938	0
					-0.999938	0.0111032	0
					0	0	1
					0.207214	57.7158	4.7689
				}
			}
			
			
			{bone "lyk_l2"
				{Matrix34
					0.573576	0	0.819152
					0	1	0
					-0.819152	0	0.573577
					-21.2196	1.309	6.08431
				}
				{VolumeView "lyk_l2.ply"}
			}
			{bone "lyk_r1"
				{Matrix34
					-1	-0.000482556	0
					-0.000482559	0.999994	-0.00349151
					0	0.00349146	0.999994
					19.5445	-5.47729	-14.2057
				}
				{VolumeView "lyk_r1.ply"}
			}
			{bone "lyk_l1"
				{Matrix34
					0.999743	-0.0226874	0
					0.0226873	0.999736	-0.00349061
					7.91932e-005	0.00348972	0.999994
					-19.7899	-5.04086	-14.2057
				}
				{VolumeView "lyk_l1.ply"}
			}
			{bone "lyk_r2"
				{Matrix34
					-0.573434	0.012736	0.819153
					0.0222042	0.999753	0
					0.81895	-0.0181884	0.573576
					21.1146	0.839074	6.08446
				}
				{VolumeView "lyk_r2.ply"}
			}
			{bone "luk_desant1"
				{parameters "ID=body;"}
				{animation
					{sequence "repair" {file "body_r.anm"}}
				}
				{Position -6.99861	-14.2564	11.9459}
				{VolumeView "luk_desant1.ply"}
			}
			{bone "luk_desant2"
				{parameters "ID=body;"}
				{animation
					{sequence "repair" {file "body_r.anm"}}
				}
				{Position 6.65855	-14.4266	11.9043}
				{VolumeView "luk_desant2.ply"}
			}
			{bone "vodomet"
				{parameters "ID=body;"}
				{animation
					{sequence "repair" {file "body_r.anm"}}
				}
				{Matrix34
					1	0	0
					0	0.95745	0.288597
					0	-0.288597	0.957451
					-7.25502	-72.264	-5.64326
				}
				{VolumeView "vodomet.ply"}
			}
			{bone revolute "turret"
				{parameters "ID=turret;"}
				{animation
					{sequence "repair" {file "turret_r.anm"} {speed 0.7}}
				}
				{Position 2.0	5.78962	14.161}
				{Orientation
					1	0	0
					0	-1	0
					0	0	1
				}
				{VolumeView "turret.ply"}
				{bone revolute "gun_rot"
					{parameters "ID=gun;"}
					{limits 20 70}
					{Matrix34
						0	-1	0
						0	0	1
						-1	0	0
						-0.155151	-17.1463	-0.617088
					}
					{VolumeView "gun_rot.ply"}
					{bone "gun"
						{parameters "ID=gun;"}
						{Matrix34
							0	0	-1
							-1	0	0
							0	1	0
							5.76056	0	1.27554e-005
						}
						{VolumeView "gun.ply"}
						{bone "foresight1"
							{Matrix34
								0	-1	0
								-1	0	0
								0	0	1
								0.0295949	-44.007	0.257256
							}
						}
					}
				}
				{bone "visor1"
					{Matrix34
						0	-1	0
						-1	0	0
						0	0	1
						-10.536	-21.5818	-0.0617523
					}
				}
				{bone "turret_systems"
					{Matrix34
						0	-1	0
						-1	0	0
						0	0	1
						-0.422677	11.6939	2.84674
					}
				}
				{bone "fxfire3"
					{Matrix34
						0	0	1
						-1	0	0
						0	1	0
						-11.92	5.09416	6.54323
					}
				}
			}
			{bone "body_systems"
				{Matrix34
					0.0111028	0.999938	0
					-0.999938	0.0111028	0
					0	0	1
					-0.0320742	30.0627	-8.24178
				}
			}
			{bone "detail_lopata1"
				{Matrix34
					-0.999753	0.0222056	0
					0.0222056	0.999753	0
					0	0	1
					-0.117354	0.00129414	-7.43866e-005
				}
				{VolumeView "detail_lopata1.ply"}
			}
			{bone revolute "detail_koleso"
				{Matrix34
					-0.999938	0.0111037	0
					0.0111035	0.999924	-0.00538036
					-5.98294e-005	-0.00538003	-0.999985
					8.41737	-62.5441	15.2371
				}
				{VolumeView "detail_koleso.ply"}
			}
			{bone "detail_skatka"
				{Matrix34
					-0.0232335	0.999632	0.0140195
					-0.877779	-0.0271094	0.478299
					0.478503	-0.00119347	0.878085
					-26.6594	-50.8877	4.73109
				}
				{VolumeView "detail_skatka.ply"}
			}
			{bone "link2"
				{Matrix34
					0	-1	0
					1	0	0
					0	0	1
					-1.09744	-70.8163	-1.76916
				}
			}
			{bone "detail_box2"
				{Matrix34
					0.352433	0.935837	0
					0	0	-1
					-0.935837	0.352433	0
					-11.5658	-59.518	13.7318
				}
				{VolumeView "detail_box2.ply"}
			}
			{bone "detail_box1"
				{Matrix34
					0.0111032	0.999938	0
					0.819102	-0.00909524	-0.573576
					-0.573541	0.00636855	-0.819152
					-23.4299	-20.4349	5.35347
				}
				{VolumeView "detail_box1.ply"}
			}
			{bone "detail_box3"
				{Matrix34
					0.0111036	0.999938	0
					-0.819102	0.00909551	-0.573576
					0.573541	-0.00636874	-0.819152
					22.9588	-18.0102	5.35347
				}
				{VolumeView "detail_box3.ply"}
			}
			{bone "enumerator1"
				{Matrix34
					-0.812325	0.00778008	-0.583154
					0.0128716	0.999907	-0.00458977
					-0.583063	0.0112345	0.812349
					20.2748	17.3952	7.06291
				}
				{VolumeView "enumerator1.ply"}
			}
			{bone "en3"
				{Matrix34
					0	-0.999864	-0.016499
					1	0	0
					0	-0.016499	0.999864
					-20.121	29.1268	6.44211
				}
				{VolumeView "en3.ply"}
			}
			{bone "en2"
				{Matrix34
					0	0.999864	-0.0164988
					-1	0	0
					0	0.0164988	0.999864
					20.7886	30.8469	6.47053
				}
				{VolumeView "en2.ply"}
			}
			{bone "front_suspension4"
				{parameters "ID=body;"}
				{Position -16.7552	-47.3539	-8.51076}
				{VolumeView "front_suspension4.ply"}
			}
			{bone "front_suspension3"
				{parameters "ID=body;"}
				{Position -18.4236	-21.55	-8.42766}
				{VolumeView "front_suspension3.ply"}
			}
			{bone "front_suspension2"
				{parameters "ID=body;"}
				{Position -18.0318	12.616	-8.31809}
				{VolumeView "front_suspension2.ply"}
			}
			{bone "front_suspension6"
				{parameters "ID=body;"}
				{Position 17.0768	12.266	-8.31906}
				{VolumeView "front_suspension6.ply"}
			}
			{bone "front_suspension7"
				{parameters "ID=body;"}
				{Position 16.6441	-21.9	-8.42863}
				{VolumeView "front_suspension7.ply"}
			}
			{bone "front_suspension5"
				{parameters "ID=body;"}
				{Position 15.4885	40.4467	-8.22918}
				{VolumeView "front_suspension5.ply"}
			}
			{bone "front_suspension8"
				{parameters "ID=body;"}
				{Position 14.414	-47.7038	-8.51173}
				{VolumeView "front_suspension8.ply"}
			}
			{bone "front_suspension1"
				{parameters "ID=body;"}
				{Position -15.682	40.7966	-8.22724}
				{VolumeView "front_suspension1.ply"}
			}
		}
		{bone "pivot_back"
			{Position -33.0997	-0.346204	12.5036}
			{bone "fxtracer4"
				{Matrix34
					-1	0	0
					0	-1	0
					0	0	1
					-10.3178	-24.3289	-12.4137
				}
			}
			{bone "fxtracer3"
				{Matrix34
					-1	0	0
					0	-1	0
					0	0	1
					17.3272	-24.3463	-12.4137
				}
			}
			{bone "fxtracer5"
				{Matrix34
					-1	0	0
					0	-1	0
					0	0	1
					-10.3178	23.2364	-12.29
				}
			}
			{bone "fxtracer6"
				{Matrix34
					-1	0	0
					0	-1	0
					0	0	1
					17.3272	23.219	-12.29
				}
			}
			{bone prizmatic "suspension_l3"
				{limits -0.1 0.1}
				{speed 0.01}
				{Matrix34
					0	1	0
					-1	0	0
					0	0	1
					17.1922	19.1687	-0.775475
				}
				{bone revolute "wheell3"
					{parameters "Radius=0.6;ID=wheelLeft;"}
					{Matrix34
						3.2413e-005	1	0
						-1.92362e-005	0	1
						1	-3.24129e-005	1.92364e-005
						4.13806	-0.068614	0.00475025
					}
					{VolumeView "wheell3.ply"}
				}
			}
			{bone prizmatic "suspension_l4"
				{limits -0.1 0.1}
				{speed 0.01}
				{Matrix34
					0	1	0
					-1	0	0
					0	0	1
					-9.99789	19.169	-0.775799
				}
				{bone revolute "wheell4"
					{parameters "Radius=0.6;ID=wheelLeft;"}
					{Matrix34
						1.9149e-005	1	0
						-1.89107e-005	0	1
						1	-1.91491e-005	1.89106e-005
						4.1375	0.00157928	0.0062952
					}
					{VolumeView "wheell4.ply"}
				}
			}
			{bone prizmatic "suspension_r3"
				{limits -0.1 0.1}
				{speed 0.01}
				{Matrix34
					0	1	0
					-1	0	0
					0	0	1
					17.1922	-19.1475	-0.775475
				}
				{bone revolute "wheelr3"
					{parameters "Radius=0.6;ID=trackright;"}
					{Matrix34
						3.2413e-005	1	0
						-1.92362e-005	0	1
						1	-3.24129e-005	1.92364e-005
						-4.31367	-0.0680771	0.00467396
					}
					{VolumeView "wheelr3.ply"}
				}
			}
			{bone prizmatic "suspension_r4"
				{limits -0.1 0.1}
				{speed 0.01}
				{Matrix34
					0	1	0
					-1	0	0
					0	0	1
					-9.99789	-19.1472	-0.775799
				}
				{bone revolute "wheelr4"
					{parameters "Radius=0.6;ID=trackright;"}
					{Matrix34
						1.9149e-005	1	0
						-1.89107e-005	0	1
						1	-1.91491e-005	1.89106e-005
						-4.31886	0.0021286	0.00622082
					}
					{VolumeView "wheelr4.ply"}
				}
			}
		}
		{bone "pivot_front"
			{Position 34.19	-1.11849	12.5036}
			{bone revolute "steer_l1"
				{Matrix34
					-1	1.14208e-005	0
					1.14117e-005	0.999972	-0.00751974
					0	-0.00751974	-0.999972
					11.904	24.0963	-0.990685
				}
				{bone "fxtracel1"
					{Matrix34
						1	0	0
						0	-1	0
						0	0	-1
						-0.00495529	0.0015583	11.3113
					}
				}
				{bone prizmatic "suspension_l1"
					{limits -0.1 0.1}
					{speed 0.01}
					{Matrix34
						1.91501e-005	0.999972	-0.00752204
						1	-1.9096e-005	0
						0	-0.00752204	-0.999972
						0.312748	-4.15755	-0.184689
					}
					{bone revolute "wheell1"
						{parameters "Radius=0.6;ID=wheelLeft;"}
						{Matrix34
							1.96204e-005	1	0
							0.00752256	0	0.999972
							0.999972	-1.9635e-005	-0.00752235
							4.18516	0.00257111	0.00505066
						}
						{VolumeView "wheell1.ply"}
					}
				}
			}
			{bone revolute "steer_l2"
				{Matrix34
					-1	1.14208e-005	0
					1.14117e-005	0.999972	-0.00751974
					0	-0.00751974	-0.999972
					-17.0832	24.0963	-0.990685
				}
				{bone "fxtracel2"
					{Matrix34
						1	0	0
						0	-1	0
						0	0	-1
						1.21051	0.00154114	11.3113
					}
				}
				{bone prizmatic "suspension_l2"
					{limits -0.1 0.1}
					{speed 0.01}
					{Matrix34
						1.91501e-005	0.999972	-0.00752204
						1	-1.9096e-005	0
						0	-0.00752204	-0.999972
						0.800581	-4.1572	-0.184338
					}
					{bone revolute "wheell2"
						{parameters "Radius=0.6;ID=wheelLeft;"}
						{Matrix34
							1.97135e-005	1	0
							0.00752235	0	0.999972
							0.999972	-1.96695e-005	-0.00752235
							4.18551	-0.0110435	0.00414753
						}
						{VolumeView "wheell2.ply"}
					}
				}
			}
			{bone revolute "steer_r2"
				{Matrix34
					-1	1.14208e-005	0
					1.14117e-005	0.999972	-0.00751974
					0	-0.00751974	-0.999972
					-17.0834	-22.1546	-0.99086
				}
				{bone "fxtracer2"
					{Matrix34
						1	0	0
						0	-1	0
						0	0	-1
						1.21053	-1.29192	11.4229
					}
				}
				{bone prizmatic "suspension_r2"
					{limits -0.1 0.1}
					{speed 0.01}
					{Matrix34
						1.91501e-005	0.999972	-0.00752204
						1	-1.9096e-005	0
						0	-0.00752204	-0.999972
						0.800457	3.77721	-0.24418
					}
					{bone revolute "wheelr2"
						{parameters "Radius=0.6;ID=trackright;"}
						{Matrix34
							1.94118e-005	1	0
							0.00752183	0	0.999972
							0.999972	-1.9337e-005	-0.00752181
							-4.26619	-0.0105171	0.00796509
						}
						{VolumeView "wheelr2.ply"}
					}
				}
			}
			{bone revolute "steer_r1"
				{Matrix34
					-1	1.04669e-005	0
					1.04585e-005	0.999972	-0.00752022
					0	-0.00752021	-0.999972
					11.9038	-22.1545	-0.990859
				}
				{bone "fxtracer1"
					{Matrix34
						1	0	0
						0	-1	0
						0	0	-1
						-0.00950241	-1.29191	11.4229
					}
				}
				{bone prizmatic "suspension_r1"
					{limits -0.1 0.1}
					{speed 0.01}
					{Matrix34
						1.83143e-005	0.999972	-0.00752251
						1	-1.82621e-005	0
						0	-0.00752252	-0.999972
						0.312637	3.77686	-0.244532
					}
					{bone revolute "wheelr1"
						{parameters "Radius=0.6;ID=trackright;"}
						{Matrix34
							2.0722e-005	1	0
							0.00752245	0	0.999972
							0.999972	-2.06484e-005	-0.00752245
							-4.26509	0.00307846	0.00885487
						}
						{VolumeView "wheelr1.ply"}
					}
				}
			}
		}
	}
}
{Volume "ammo_storage_mgun1"
	{Polyhedron "ammo_storage_mgun1.vol"}
	{Bone "body_systems"}
	{Position -15.914	9.29448	9.95539}
}
{Volume "ammo_storage_mgun2"
	{Polyhedron "ammo_storage_mgun2.vol"}
	{Bone "body_systems"}
	{Position -17.8626	-10.7698	9.89752}
}
{Volume "body1"
	{Polyhedron "body1.vol"}
	{Bone "body"}
	{Matrix34
		0.017517	0.999847	0
		-0.999847	0.017517	0
		0	0	1
		0.935977	-3.42527	-3.5292
	}
}
{Volume "body2"
	{Polyhedron "body2.vol"}
	{Bone "body"}
	{Matrix34
		0.017517	0.999847	0
		-0.999847	0.017517	0
		0	0	1
		1.66338	54.361	-4.61218
	}
}
{Volume "body3"
	{Polyhedron "body3.vol"}
	{Bone "body"}
	{Matrix34
		0.087156	0.996195	0
		0.992404	-0.0868244	0.0871561
		0.0868244	-0.00759617	-0.996195
		9.48387	15.3196	-2.48612
	}
}
{Volume "commander_place"
	{Polyhedron "commander_place.vol"}
	{Bone "body_systems"}
	{Position 8.66923	-7.62804	3.98737}
}
{Volume "commander_triplex"
	{Polyhedron "commander_triplex.vol"}
	{Bone "turret_systems"}
	{Position 7.77912	2.95053	4.84273}
}
{Volume "driver_panel"
	{Polyhedron "driver_panel.vol"}
	{Bone "body_systems"}
	{Matrix34
		0.966525	0	-0.256573
		0	1	0
		0.256573	0	0.966525
		21.8262	6.03202	6.03876
	}
}
{Volume "driver_place"
	{Polyhedron "driver_place.vol"}
	{Bone "body_systems"}
	{Position 9.32892	8.58218	3.79375}
}
{Volume "driver_triplex1"
	{Polyhedron "driver_triplex1.vol"}
	{Bone "body_systems"}
	{Matrix34
		1	-1.77026e-005	0
		1.77026e-005	1	0
		0	0	1
		15.854	6.58049	17.2156
	}
}
{Volume "driver_triplex2"
	{Polyhedron "driver_triplex2.vol"}
	{Bone "body_systems"}
	{Matrix34
		0.994154	0.10797	0
		-0.10797	0.994154	0
		0	0	1
		14.8481	12.2834	17.5505
	}
}
{Volume "driver_triplex"
	{Polyhedron "driver_triplex.vol"}
	{Bone "body_systems"}
	{Matrix34
		-0.23811	-0.971238	0
		0.971238	-0.23811	0
		0	0	1
		13.9417	17.2969	15.6163
	}
}
{Volume "engine"
	{Box 34.927 19.2563 24.2523}
	{Bone "body"}
	{Matrix34
		0.011096	0.999938	0
		0	0	1
		0.999938	-0.011096	0
		-0.540731	-44.5432	-1.99293
	}
}
{Volume "front_wheels"
	{Polyhedron "front_wheels.vol"}
	{Bone "body_systems"}
	{Position -29.8652	-0.377405	-4.12219}
}
{Volume "fuel_tank_internal_a"
	{Polyhedron "fuel_tank_internal_a.vol"}
	{Bone "body_systems"}
	{Position -81.6496	11.0706	11.8649}
}
{Volume "fuel_tank_internal_b"
	{Polyhedron "fuel_tank_internal_b.vol"}
	{Bone "body_systems"}
	{Position -85.0893	-13.1412	11.8503}
}
{Volume "gun"
	{Polyhedron "gun.vol"}
	{Bone "gun_rot"}
	{Matrix34
		1	0	0
		0	0	1
		0	-1	0
		25.3675	-0.249805	1.4121
	}
}
{Volume "gunner_place"
	{Polyhedron "gunner_place.vol"}
	{Bone "turret_systems"}
	{Position 3.53291	0.82927	-13.4394}
}
{Volume "hull_integrity"
	{Polyhedron "hull_integrity.vol"}
	{Bone "body_systems"}
	{Position -67.0353	-1.01716	-0.976245}
}
{Volume "mgun"
	{Polyhedron "mgun.vol"}
	{Bone "turret_systems"}
	{Position 13.5457	-4.56217	5.17259}
}
{Volume "panel_engine_connectors"
	{Polyhedron "panel_engine_connectors.vol"}
	{Bone "body_systems"}
	{Matrix34
		0.999971	0	0.00758784
		0	1	0
		-0.00758784	0	0.999971
		-39.0166	-0.731259	-4.52152
	}
}
{Volume "ppu"
	{Polyhedron "ppu.vol"}
	{Bone "body_systems"}
	{Position -61.1537	-9.96583	-3.58377}
}
{Volume "transmission"
	{Polyhedron "transmission.vol"}
	{Bone "body_systems"}
	{Position -40.8025	-0.280867	1.00615}
}
{Volume "turret_move_engine"
	{Polyhedron "turret_move_engine.vol"}
	{Bone "turret_systems"}
	{Position 1.92677	5.08991	-3.48146}
}
{Volume "turret_ring"
	{Polyhedron "turret_ring.vol"}
	{Bone "turret"}
	{Position 0.643137	0.181194	-7.16022}
}
{Volume "turret"
	{Polyhedron "turret.vol"}
	{Bone "turret_systems"}
	{Position 4.149	-1.38755	1.34436}
}
{Volume "wheelleft1"
	{Polyhedron "wheelleft1.vol"}
	{Bone "wheell1"}
	{Matrix34
		-1	0	0
		0	0	1
		0	1	0
		0.0460052	-0.139028	-0.00470161
	}
}
{Volume "wheelleft2"
	{Polyhedron "wheelleft2.vol"}
	{Bone "wheell2"}
	{Matrix34
		-1	0	0
		0	0	1
		0	1	0
		-0.197445	-0.13777	-0.00543594
	}
}
{Volume "wheelleft3"
	{Polyhedron "wheelleft3.vol"}
	{Bone "wheell3"}
	{Matrix34
		-1	0	0
		0	0	1
		0	1	0
		0.145484	-0.137761	-0.0054245
	}
}
{Volume "wheelleft4"
	{Polyhedron "wheelleft4.vol"}
	{Bone "wheell4"}
	{Matrix34
		-1	0	0
		0	0	1
		0	1	0
		-0.00707245	-0.138238	-0.00594521
	}
}
{Volume "wheelright1"
	{Polyhedron "wheelright1.vol"}
	{Bone "wheelr1"}
	{Matrix34
		-1	0	0
		0	0	1
		0	1	0
		0.0462608	-0.0514469	0.0836201
	}
}
{Volume "wheelright2"
	{Polyhedron "wheelright2.vol"}
	{Bone "wheelr2"}
	{Matrix34
		-1	0	0
		0	0	1
		0	1	0
		-0.197197	-0.0501976	0.0843849
	}
}
{Volume "wheelright3"
	{Polyhedron "wheelright3.vol"}
	{Bone "wheelr3"}
	{Matrix34
		-1	0	0
		0	0	1
		0	1	0
		0.145741	-0.0501928	0.0843868
	}
}
{Volume "wheelright4"
	{Polyhedron "wheelright4.vol"}
	{Bone "wheelr4"}
	{Matrix34
		-1	0	0
		0	0	1
		0	1	0
		-0.00681686	-0.0506668	0.0848846
	}
}
