;Exported by: Администратор
;Date:        Sat Nov 08 16:02:38 2014
;File:        C:\Documents and Settings\Администратор\Рабочий стол\Страдаємо Хернею\m998_2dr\us_m998_2dr_xx.max
{Skeleton
	{bone "basis"
		{parameters "Wheelradius=0.4;SteerMax=30;"}
		{Orientation
			1	0	0
			0	-1	0
			0	0	1
		}
		{bone "body"
			{parameters "CommonMesh;ID=body;"}
			{animation
				{sequence "break" {file "body_b.anm"}}
			}
			{Matrix34
				0	0.998536	0.0540892
				-0.999871	-0.000870319	0.0160639
				0.0160874	-0.0540822	0.998407
				1.09225	0.0369984	14.0014
			}
			{VolumeView "body.ply"}
			{bone "engine"
				{parameters "ID=engine;"}
				{Position 0.629027	-30.8476	6.4476}
				{VolumeView "engine.ply"}
			}
			{bone "part1"
				{parameters "ID=cabin;"}
				{Matrix34
					0.866803	0.491042	-0.0867765
					-0.498139	0.860582	-0.106097
					0.0225803	0.135192	0.990562
					-21.9873	-15.3428	9.43119
				}
				{VolumeView "part1.ply"}
			}
			{bone "part2"
				{parameters "ID=cabin;"}
				{Matrix34
					0.541138	-0.837086	0.0803528
					0.820633	0.504791	-0.267857
					0.183658	0.210888	0.960102
					22.583	-15.1021	9.39117
				}
				{VolumeView "part2.ply"}
			}
		}
		{bone "pivot_front"
			{parameters "ID=body;"}
			{Matrix34
				0	1	0
				-1	0	0
				0	0	1
				35.757	0.666093	11.7815
			}
			{VolumeView "pivot_front.ply"}
			{bone revolute "steer_r1"
				{parameters "ID=body;"}
				{Matrix34
					-0.0871557	0.996195	0
					0.996195	0.0871557	0
					0	0	-1
					-18.2997	0.455811	-3.81136
				}
				{bone revolute "wheelr1"
					{parameters "ID=wheelright1;"}
					{Matrix34
						-0.996195	-0.0871565	0
						0	0	1
						-0.0871565	0.996195	0
						1.34111	-1.67757	-1.42753
					}
					{VolumeView "wheelr1.ply"}
				}
			}
			{bone revolute "steer_l1"
				{parameters "ID=body;"}
				{Matrix34
					-1	0	0
					0	1	0
					0	0	-1
					18.1955	0.455803	-3.22221
				}
				{bone revolute "wheell1"
					{parameters "ID=wheelleft1;"}
					{Matrix34
						0	1	0
						0	0	-1
						-1	0	0
						-1.77337	1.1898	-0.83839
					}
					{VolumeView "wheell1.ply"}
				}
			}
		}
		{bone "pivot_back"
			{parameters "ID=body;"}
			{Matrix34
				0	1	0
				-1	0	0
				0	0	1
				-32.2691	0.666082	11.8566
			}
			{VolumeView "pivot_back.ply"}
			{bone revolute "spring_r2"
				{parameters "ID=body;"}
				{Matrix34
					0	1	0
					1	0	0
					0	0	-1
					-19.3141	-0.910931	-2.42746
				}
				{bone revolute "wheelr2"
					{parameters "ID=wheelright2;"}
					{Matrix34
						-1	0	0
						0	0	1
						0	1	0
						-0.182974	-0.773619	0.0314808
					}
					{VolumeView "wheelr2.ply"}
				}
			}
			{bone revolute "spring_l2"
				{parameters "ID=body;"}
				{Matrix34
					-1	0	0
					0	1	0
					0	0	-1
					17.9171	0.19249	-2.42746
				}
				{bone revolute "wheell2"
					{parameters "ID=wheelleft2;"}
					{Matrix34
						0	1	0
						0	0	-1
						-1	0	0
						-2.05179	-0.199726	0.0314808
					}
					{VolumeView "wheell2.ply"}
				}
			}
		}
	}
}
{Volume "body"
	{Polyhedron "body.vol"}
	{Bone "body"}
	{Matrix34
		0	-1	0
		1	0	0
		0	0	1
		-3.23558	2.70773	-15.5852
	}
}
{Volume "part1"
	{Box 13.2148 17.6197 2.78206}
	{Bone "part1"}
	{Matrix34
		-0.0454084	-0.998821	0.0171715
		0.0685271	0.0140342	0.99755
		-0.996615	0.046474	0.0678091
		0.69406	5.31846	-0.863281
	}
}
{Volume "part2"
	{Box 13.2148 17.6197 2.78206}
	{Bone "part2"}
	{Matrix34
		-0.00342446	-0.999994	7.38343e-005
		-0.0109304	0.000111401	0.99994
		-0.999934	0.00342314	-0.0109307
		-0.319207	10.2985	-1.69001
	}
}
{Volume "wheelleft2"
	{Polyhedron "wheelleft2.vol"}
	{Bone "wheell2"}
	{Matrix34
		-1	0	0
		0	1	0
		0	0	-1
		-0.20055	0.093709	2.12043
	}
}
{Volume "wheelright1"
	{Polyhedron "wheelright1.vol"}
	{Bone "wheelr1"}
	{Matrix34
		1	0	0
		0	-1	0
		0	0	-1
		-0.115101	-0.0937119	2.31526
	}
}
{Volume "wheelright2"
	{Polyhedron "wheelright2.vol"}
	{Bone "wheelr2"}
	{Matrix34
		1	0	0
		0	-1	0
		0	0	-1
		0.477427	-0.0937128	2.31526
	}
}
