;Exported by: ??????
;Date:        Sat Feb  8 15:44:50 2020
;File:        G:\?????? ???\?????? ? 1.6.1\????? ?-80\T-80B\???? ???????\?-80???2.max
{Skeleton
	{animation
		{sequence "start"}
		{sequence "stop"}
		{sequence "fire"}
		{sequence "fire_front"}
		{sequence "fire_left"}
		{sequence "fire_right"}
		{sequence "fire_back"}
		{sequence "open_driver" {resume}}
		{sequence "open"}
		{sequence "open1"}
	}
	{bone "basis"
		{parameters "Wheelradius=0.5;"}
		{Orientation
			1	0	0
			0	-1	0
			0	0	1
		}
		{bone "wheelsl"
			{parameters "ID=trackleft;"}
			{animation
				{sequence "repair" {file "trackL_r.anm"}}
			}
			{Position -0.0488416	20.0739	8.01331}
			{bone "fxtracel2"
				{Matrix34
					-0.939414	0	0.342786
					0	-1	0
					0.342786	0	0.939414
					-42.5408	9.13046	-5.90268
				}
			}
			{bone "fxtracel1"
				{Matrix34
					-1	0	0.000815066
					0	-1	0
					0.000815066	0	1
					35.6778	8.46465	-6.00607
				}
			}
			{bone "trackl"
				{parameters "ID=trackleft;"}
				{Matrix34
					1	0	0
					0	1	0
					0	0	1
					-7.06784	6.9071	5.17401
				}
				{VolumeView "trackl.ply"}
			}
			{bone prizmatic "suspension_l4"
				{Position -1.81356	0.805058	-0.917862}
				{bone revolute "wheell5"
					{parameters "ID=trackleft;"}
					{Matrix34
						1	0	0
						0	0	-1
						0	1	0
						-0.0806422	7.32232	-0.0100183
					}
					{VolumeView "wheell5.ply"}
				}
			}
			{bone prizmatic "suspension_l3"
				{Position 12.7928	0.805061	-0.917862}
				{bone revolute "wheell4"
					{parameters "ID=trackleft;"}
					{Matrix34
						1	0	0
						0	0	-1
						0	1	0
						-0.0871038	7.32232	-0.0100241
					}
					{VolumeView "wheell4.ply"}
				}
			}
			{bone prizmatic "suspension_l5"
				{Position -19.1057	0.805054	-0.917862}
				{bone revolute "wheell6"
					{parameters "ID=trackleft;"}
					{Matrix34
						1	0	0
						0	0	-1
						0	1	0
						-0.0813942	7.32233	-0.0100183
					}
					{VolumeView "wheell6.ply"}
				}
			}
			{bone prizmatic "suspension_l6"
				{Position -35.7043	0.80505	-0.917862}
				{bone revolute "wheell7"
					{parameters "ID=trackleft;"}
					{Matrix34
						1	0	0
						0	0	-1
						0	1	0
						-0.13644	7.32233	-0.0100183
					}
					{VolumeView "wheell7.ply"}
				}
			}
			{bone prizmatic "suspension_l1"
				{Position 45.3994	0.805065	-0.917862}
				{bone revolute "wheell2"
					{parameters "ID=trackleft;"}
					{Matrix34
						1	0	0
						0	0	-1
						0	1	0
						-0.0606918	7.32232	-0.0100126
					}
					{VolumeView "wheell2.ply"}
				}
			}
			{bone prizmatic "suspension_l2"
				{Position 29.7971	0.805061	-0.917862}
				{bone revolute "wheell3"
					{parameters "ID=trackleft;"}
					{Matrix34
						1	0	0
						0	0	-1
						0	1	0
						-0.0604591	7.32232	-0.0100183
					}
					{VolumeView "wheell3.ply"}
				}
			}
		}
		{bone "wheelsr"
			{parameters "ID=trackright;"}
			{animation
				{sequence "repair" {file "trackR_r.anm"}}
			}
			{Position -0.0488416	-19.8785	8.01331}
			{bone "fxtracer1"
				{Matrix34
					-0.999994	0	-0.00350841
					0	-1	0
					-0.00350841	0	0.999994
					36.8357	-8.16123	-5.64721
				}
			}
			{bone "fxtracer2"
				{Matrix34
					-0.940887	0	0.338721
					0	-1	0
					0.338721	0	0.940887
					-42.5205	-8.16121	-5.90919
				}
			}
			{bone "trackr"
				{parameters "ID=trackright;"}
				{Position -7.06784	-7.10067	5.17401}
				{VolumeView "trackr.ply"}
			}
			{bone prizmatic "suspension_r6"
				{Position -35.7325	-0.97979	-0.917862}
				{bone revolute "wheelr7"
					{parameters "ID=trackright;"}
					{Matrix34
						1	0	0
						0	0	-1
						0	1	0
						-0.108185	-7.43911	-0.00992012
					}
					{VolumeView "wheelr7.ply"}
				}
			}
			{bone prizmatic "suspension_r1"
				{Position 45.3712	-0.979774	-0.917862}
				{bone revolute "wheelr2"
					{parameters "ID=trackright;"}
					{Matrix34
						1	0	0
						0	0	-1
						0	1	0
						-0.0324326	-7.43913	-0.0099144
					}
					{VolumeView "wheelr2.ply"}
				}
			}
			{bone prizmatic "suspension_r2"
				{Position 29.7688	-0.979774	-0.917862}
				{bone revolute "wheelr3"
					{parameters "ID=trackright;"}
					{Matrix34
						1	0	0
						0	0	-1
						0	1	0
						-0.0322037	-7.43913	-0.00991821
					}
					{VolumeView "wheelr3.ply"}
				}
			}
			{bone prizmatic "suspension_r3"
				{Position 12.7645	-0.979782	-0.917862}
				{bone revolute "wheelr4"
					{parameters "ID=trackright;"}
					{Matrix34
						1	0	0
						0	0	-1
						0	1	0
						-0.0588465	-7.43912	-0.0099268
					}
					{VolumeView "wheelr4.ply"}
				}
			}
			{bone prizmatic "suspension_r4"
				{Position -1.84182	-0.979782	-0.917862}
				{bone revolute "wheelr5"
					{parameters "ID=trackright;"}
					{Matrix34
						1	0	0
						0	0	-1
						0	1	0
						-0.0523839	-7.43912	-0.00992012
					}
					{VolumeView "wheelr5.ply"}
				}
			}
			{bone prizmatic "suspension_r5"
				{Position -19.134	-0.979786	-0.917862}
				{bone revolute "wheelr6"
					{parameters "ID=trackright;"}
					{Matrix34
						1	0	0
						0	0	-1
						0	1	0
						-0.0531368	-7.43912	-0.00992012
					}
					{VolumeView "wheelr6.ply"}
				}
			}
		}
		{bone "emitd"
			{Matrix34
				0	1	0
				-1	0	0
				0	0	1
				44.9556	-50.1428	-0.758163
			}
			{visibility 0}
		}
		{bone "emitg"
			{Matrix34
				0	-1	0
				1	0	0
				0	0	1
				3.25008	49.8446	-0.758164
			}
			{visibility 0}
		}
		{bone "emitc"
			{Matrix34
				0	1	0
				-1	0	0
				0	0	1
				-5.80251	-50.1428	-0.758163
			}
			{visibility 0}
		}
		{bone "fire_body_bone"
			{Matrix34
				1	0	0
				0	0	1
				0	-1	0
				2.17972	-0.0348386	17.805
			}
			{bone "body"
				{parameters "ID=body;"}
				{Orientation
					1	0	0
					0	1	0
					0	0	-1
				}
				{VolumeView "body.ply"}
				{bone "fxlight"
					{parameters "id=d_a;"}
					{Matrix34
						1	0	0
						0	0	1
						0	1	0
						62.1366	4.19268	-0.456639
					}
				}
				{bone "fxfire2"
					{Matrix34
						0	1	0
						0	0	1
						-1	0	0
						-31.1874	9.11602	-5.74111
					}
				}
				{bone revolute "wheell8"
					{parameters "ID=trackleft;"}
					{Matrix34
						1	0	0
						0	-1	0
						0	0	1
						-52.013	-1.58049	27.5703
					}
					{VolumeView "wheell8.ply"}
				}
				{bone revolute "wheell1"
					{parameters "ID=trackleft;"}
					{Matrix34
						1	0	0
						0	-1	0
						0	0	1
						56.5435	-3.47074	26.9125
					}
					{VolumeView "wheell1.ply"}
				}
				{bone revolute "wheelr1"
					{parameters "ID=trackright;"}
					{Matrix34
						1	0	0
						0	-1	0
						0	0	1
						56.5435	-3.47068	-26.84
					}
					{VolumeView "wheelr1.ply"}
				}
				{bone revolute "wheelr8"
					{parameters "ID=trackright;"}
					{Matrix34
						1	0	0
						0	-1	0
						0	0	1
						-52.013	-1.58042	-27.4974
					}
					{VolumeView "wheelr8.ply"}
				}
				{bone "door_front"
					{parameters "ID=body;"}
					{Position 32.5233	9.8461	-6.52009}
					{VolumeView "door_front.ply"}
				}
				{bone "fxsmoke1"
					{Matrix34
						-0.989208	0.146521	0
						0	0	-1
						0.146521	0.989208	0
						-64.9663	4.50583	-4.00188
					}
				}
				{bone "d_vis2"
					{Matrix34
						1	0	0
						0	0	1
						0	1	0
						39.5038	8.47042	-0.325787
					}
					{bone "visor2"
						{Position 0.281151	0	0}
					}
				}
				{bone "nera8"
					{Position -53.8493	2.27097	-35.2192}
					{VolumeView "nera8.ply"}
				}
				{bone "headlightl"
					{parameters "id=d_a;"}
					{Matrix34
						1	0	0
						0	0	1
						0	1	0
						55.6166	3.07888	15.8951
					}
				}
				{bone "headlightr"
					{parameters "id=d_a;"}
					{Matrix34
						1	0	0
						0	0	1
						0	1	0
						55.6166	3.07624	-16.0126
					}
				}
				{bone "nera16"
					{Position 63.8545	-3.30984	0.0118924}
					{VolumeView "nera16.ply"}
				}
				{bone "detail_brevno"
					{Position 0	0	0}
					{VolumeView "detail_brevno.ply"}
				}
				{bone "setka_mto"
					{Matrix34
						1	0	0
						0	0	1
						0	1	0
						-30.8456	10.3009	0.0320182
					}
					{VolumeView "setka_mto.ply"}
				}
				{bone "shieldr5"
					{Position -2.80892	2.27098	-35.2374}
					{VolumeView "shieldr5.ply"}
					{bone "d_5"
						{Position 8.49028	-5.08402	-0.256088}
						{VolumeView "d_5.ply"}
					}
				}
				{bone "shieldr11"
					{Position -21.369	2.27098	-35.2192}
					{VolumeView "shieldr11.ply"}
				}
				{bone "shieldr9"
					{Position -39.4536	2.27098	-35.2192}
					{VolumeView "shieldr9.ply"}
				}
				{bone "shieldl5"
					{Position -3.03868	2.26963	35.2011}
					{VolumeView "shieldl5.ply"}
					{bone "d_1"
						{Position 8.72003	-5.08393	0.284607}
						{VolumeView "d_1.ply"}
					}
					{bone "shieldl11"
						{Position -18.3304	0	-0.0181618}
						{VolumeView "shieldl11.ply"}
					}
					{bone "d_2"
						{Position 8.43389	-3.56433	0.24474}
						{VolumeView "d_2.ply"}
					}
				}
				{bone "shieldl9"
					{Position -39.4536	2.26963	35.183}
					{VolumeView "shieldl9.ply"}
				}
				{bone "nera11"
					{Position -53.8494	2.26962	35.1823}
					{VolumeView "nera11.ply"}
				}
				{bone "fxsmoke2"
					{Matrix34
						-0.989208	0.146521	0
						0	0	-1
						0.146521	0.989208	0
						-64.9663	4.50583	3.87404
					}
				}
				{bone revolute "wheelr14"
					{parameters "ID=trackleft;"}
					{Matrix34
						1	0	0
						0	-1	0
						0	0	1
						3.55803	0.997576	28.173
					}
					{VolumeView "wheelr14.ply"}
				}
				{bone revolute "wheelr15"
					{parameters "ID=trackleft;"}
					{Matrix34
						1	0	0
						0	-1	0
						0	0	1
						-12.0451	0.997576	28.173
					}
					{VolumeView "wheelr15.ply"}
				}
				{bone revolute "wheelr16"
					{parameters "ID=trackleft;"}
					{Matrix34
						1	0	0
						0	-1	0
						0	0	1
						-29.6039	0.997574	28.173
					}
					{VolumeView "wheelr16.ply"}
				}
				{bone revolute "wheelr17"
					{parameters "ID=trackleft;"}
					{Matrix34
						1	0	0
						0	-1	0
						0	0	1
						36.0045	0.99757	28.173
					}
					{VolumeView "wheelr17.ply"}
				}
				{bone revolute "wheelr18"
					{parameters "ID=trackleft;"}
					{Matrix34
						1	0	0
						0	-1	0
						0	0	1
						19.2258	0.99757	28.173
					}
					{VolumeView "wheelr18.ply"}
				}
				{bone revolute "wheelr12"
					{parameters "ID=trackright;"}
					{Matrix34
						1	0	0
						0	-1	0
						0	0	1
						-12.0451	0.997541	-28.1459
					}
					{VolumeView "wheelr12.ply"}
				}
				{bone revolute "wheelr13"
					{parameters "ID=trackright;"}
					{Matrix34
						1	0	0
						0	-1	0
						0	0	1
						-29.6039	0.997545	-28.1459
					}
					{VolumeView "wheelr13.ply"}
				}
				{bone revolute "wheelr9"
					{parameters "ID=trackright;"}
					{Matrix34
						1	0	0
						0	-1	0
						0	0	1
						36.0045	0.99754	-28.1459
					}
					{VolumeView "wheelr9.ply"}
				}
				{bone revolute "wheelr10"
					{parameters "ID=trackright;"}
					{Matrix34
						1	0	0
						0	-1	0
						0	0	1
						19.2258	0.997541	-28.1459
					}
					{VolumeView "wheelr10.ply"}
				}
				{bone revolute "wheelr11"
					{parameters "ID=trackright;"}
					{Matrix34
						1	0	0
						0	-1	0
						0	0	1
						3.55802	0.997541	-28.1459
					}
					{VolumeView "wheelr11.ply"}
				}
				{bone "fxstop1"
					{Matrix34
						-1	0	0
						0	0	-1
						0	1	0
						-67.0529	5.59538	25.7578
					}
				}
				{bone "fxstop2"
					{Matrix34
						-1	0	0
						0	0	-1
						0	1	0
						-63.8464	5.59536	-22.3997
					}
				}
				{bone "shieldl1"
					{Matrix34
						1	0	0
						0	1	0
						0	0	1
						61.3962	-3.55923	0.0247536
					}
					{VolumeView "shieldl1.ply"}
				}
				{bone "shieldr1"
					{Matrix34
						1	0	0
						0	1	1.99145e-05
						0	-1.03085e-05	-1
						61.3962	-3.55923	0.00316508
					}
					{VolumeView "shieldr1.ply"}
				}
				{bone "nera17"
					{Position 63.8545	-3.30984	0.0118935}
					{VolumeView "nera17.ply"}
				}
				{bone "torsions"
					{Position 5.8459	-9.34935	0.0187116}
					{VolumeView "torsions.ply"}
				}
				{bone "body_systems"
					{Matrix34
						1	0	0
						0	0	1
						0	1	0
						38.8095	-10.2829	-0.642346
					}
					{bone "engine"
						{parameters "ID=engine;"}
						{Position -73.8101	-3.9518	8.32573}
					}
				}
				{bone "vld_relict_box"
					{Matrix34
						1	0	0
						0	0	1
						0	1	0
						50.044	3.25167	-0.0178674
					}
					{VolumeView "vld_relict_box.ply"}
					{bone "d_a51"
						{Position 6.67252	-15.6081	-1.72148}
						{VolumeView "d_a51.ply"}
						{bone "headlightr"
							{parameters "id=d_a;"}
							{Position 0.698425	0.111726	2.6618}
						}
					}
					{bone "d_a52"
						{Position 6.67254	-9.34474	-1.72148}
						{VolumeView "d_a52.ply"}
					}
					{bone "d_a53"
						{Position 6.67254	-3.08919	-1.72148}
						{VolumeView "d_a53.ply"}
					}
					{bone "d_a54"
						{Position 6.67254	3.12956	-1.72148}
						{VolumeView "d_a54.ply"}
					}
					{bone "d_a55"
						{Position 6.67254	9.38268	-1.72148}
						{VolumeView "d_a55.ply"}
					}
					{bone "d_a56"
						{Position 6.67254	15.6327	-1.72148}
						{VolumeView "d_a56.ply"}
						{bone "headlightl"
							{parameters "id=d_a;"}
							{Position 0.698395	0.0487709	2.66249}
						}
					}
					{bone "d_a57"
						{Position -4.08984	15.6327	2.88784}
						{VolumeView "d_a57.ply"}
					}
					{bone "d_a58"
						{Position -4.21109	9.38268	2.56742}
						{VolumeView "d_a58.ply"}
					}
					{bone "d_a59"
						{Position -4.21109	3.1295	2.56742}
						{VolumeView "d_a59.ply"}
					}
					{bone "d_a60"
						{Position -4.21109	-3.08919	2.56742}
						{VolumeView "d_a60.ply"}
					}
					{bone "d_a61"
						{Position -4.08985	-15.6081	2.88783}
						{VolumeView "d_a61.ply"}
					}
					{bone "d_a62"
						{Position -4.21109	-9.34474	2.56744}
						{VolumeView "d_a62.ply"}
					}
				}
				{bone "shield_80bvm2"
					{Matrix34
						1	0	0
						0	0	1
						0	1	0
						-90.8739	-18.5632	0.0285625
					}
					{bone "shieldl4"
						{Matrix34
							-1	0	0
							0	0	-1
							0	1	0
							105.666	35.1463	20.8153
						}
						{VolumeView "shieldl4(80bvm).ply"}
					}
					{bone "shieldr4"
						{Matrix34
							-1	0	0
							0	0	-1
							0	1	0
							105.671	-35.2512	20.8153
						}
						{VolumeView "shieldr4(80bvm).ply"}
					}
					{bone "shieldr3"
						{Matrix34
							-1	0	0
							0	0	-1
							0	1	0
							123.681	-35.251	20.2816
						}
						{VolumeView "shieldr3(80bvm).ply"}
					}
					{bone "shieldl3"
						{Matrix34
							-1	0	0
							0	0	-1
							0	1	0
							123.669	35.146	20.2816
						}
						{VolumeView "shieldl3(80bvm).ply"}
					}
					{bone "shieldr2"
						{Matrix34
							-1	0	0
							0	0	-1
							0	1	0
							141.847	-35.2543	20.1974
						}
						{VolumeView "shieldr2(80bvm).ply"}
					}
					{bone "shieldl2"
						{Matrix34
							-1	0	0
							0	0	-1
							0	1	0
							141.835	35.1493	20.2001
						}
						{VolumeView "shieldl2(80bvm).ply"}
					}
					{bone "k5_80bvm2_fix"
						{Matrix34
							0	1	0
							-0.999646	0	0.0266147
							0.0266474	0	0.999645
							123.779	-0.052455	24.9759
						}
						{VolumeView "k5_80bvm2_fix.ply"}
						{bone "d_a92"
							{Matrix34
								0	-0.999798	0.0200839
								1	0	0
								0	0.0201165	0.999798
								37.4695	4.61753	-1.74406
							}
							{VolumeView "d_a92.ply"}
						}
						{bone "d_a93"
							{Matrix34
								0	-0.999798	0.0200839
								1	0	0
								0	0.0201165	0.999798
								37.3737	-7.87761	-2.25424
							}
							{VolumeView "d_a93.ply"}
						}
						{bone "d_a94"
							{Matrix34
								0	-0.999798	0.0200839
								1	0	0
								0	0.0201165	0.999798
								37.3229	-21.138	-2.95935
							}
							{VolumeView "d_a94.ply"}
						}
						{bone "d_a95"
							{Matrix34
								0	-0.999798	0.0200842
								-1	0	0
								0	0.0201168	0.999798
								-37.4694	4.61723	-1.74399
							}
							{VolumeView "d_a95.ply"}
						}
						{bone "d_a96"
							{Matrix34
								0	-0.999798	0.0200842
								-1	0	0
								0	0.0201168	0.999798
								-37.3737	-7.8778	-2.25415
							}
							{VolumeView "d_a96.ply"}
						}
						{bone "d_a97"
							{Matrix34
								0	-0.999798	0.0200842
								-1	0	0
								0	0.0201168	0.999798
								-37.3229	-21.1382	-2.95926
							}
							{VolumeView "d_a97.ply"}
						}
					}
					{bone "sh_fix_80bvm"
						{Position 123.981	34.558	25.5411}
						{VolumeView "sh_fix_80bvm.ply"}
					}
				}
				{bone revolute "turret"
					{parameters "ID=Turret;"}
					{Matrix34
						1	0	0
						0	0	-1
						0	1	0
						-0.194531	17.899	-0.139376
					}
					{VolumeView "turret.ply"}
					{bone revolute "gun_rot1"
						{limits -5 14}
						{speed 0.005}
						{Matrix34
							1	0	0
							0	0	1
							0	1	0
							25.7113	0.300854	-2.79614
						}
						{bone "gun"
							{parameters "ID=gun;"}
							{Matrix34
								0	0	1
								1	1.59393e-05	0
								-1.68313e-05	-1	0
								48.8231	0.240543	0.0023782
							}
							{VolumeView "gun.ply"}
							{bone "foresight1"
								{Matrix34
									0	1	1.55304e-05
									-1	0	0
									0	-1.66423e-05	-1
									-0.00838056	48.9022	0.135166
								}
							}
						}
						{bone "mgun5"
							{Matrix34
								1	0	0
								0	1	0
								0	0	-1
								-34.2887	6.69669	-0.186589
							}
							{VolumeView "mgun5.ply"}
							{bone "foresight5"
								{Matrix34
									1	0	0
									0	1	0
									0	0	-1
									33.781	-7.24595	-6.37504
								}
							}
						}
					}
					{bone revolute "com_turret"
						{parameters "ID=Turret;"}
						{Matrix34
							0.999761	0	-0.0218408
							0	1	0
							0.0218407	0	0.999761
							-6.87332	11.7412	6.52775
						}
						{VolumeView "com_turret.ply"}
						{bone "com_cover"
							{parameters "ID=Turret;"}
							{Matrix34
								-0.195115	0	0.98078
								-0.98078	0	-0.195116
								0	-1	0
								-6.30783	0.0127602	2.25216
							}
							{VolumeView "com_cover.ply"}
						}
						{bone "glass_com_turret"
							{Matrix34
								0.999761	0	0.0218407
								-0.0218407	0	0.999762
								0	-1	0
								5.17177	0.0535803	3.02215
							}
							{VolumeView "glass_com_turret.ply"}
						}
						{bone revolute "nsvt"
							{limits -75 10}
							{speed 0.01}
							{Matrix34
								0.999762	0	0.0218409
								0.0218408	0	-0.999761
								0	-1	0
								4.75836	0.291599	9.40142
							}
							{VolumeView "nsvt.ply"}
							{bone "foresight4"
								{Matrix34
									1	0	0
									0	0	1
									0	-1	0
									30.7398	-0.114544	0.26183
								}
							}
						}
						{bone revolute "nsvt_turret"
							{Matrix34
								0	-1	0
								-0.999762	0	-0.0218401
								-0.0218401	0	0.999762
								8.06916	2.13844	7.91205
							}
							{VolumeView "nsvt_turret.ply"}
							{bone "mgun_belt2"
								{Matrix34
									0	-0.96022	0.279243
									1	0	0
									0	0.279243	0.960221
									-1.35631	0.806516	2.09909
								}
								{VolumeView "mgun_belt2.ply"}
							}
						}
						{bone revolute "visor3"
						    {limits -15 15} 
						    {speed 0.03}
							{Matrix34
								0.999761	0	0.0218407
								-0.0218407	0	0.999762
								0	-1	0
								5.17177	0.0535803	3.02215
							}
							{bone "foresight6"

							}
						}
						{bone revolute "gunner2"
							{Matrix34
								0.982628	-0.184339	0.0214666
								-0.184295	-0.982863	-0.00402547
								-0.0218408	0	0.999762
								-2.2305	0.221669	-21.4263
							}
						}
						{bone "fxfire3"
							{Matrix34
								-0.0218411	0	0.999762
								0	-1	0
								-0.999762	0	-0.0218411
								-1.72098	0.542216	1.05715
							}
						}
					}
					{bone "gunner_cover"
						{parameters "ID=Turret;"}
						{Matrix34
							-0.141975	-0.963163	-0.228386
							-0.0323356	-0.226087	0.97357
							-0.989342	0.145608	0.000954077
							-5.12699	-9.89869	6.59805
						}
						{VolumeView "gunner_cover.ply"}
					}
					{bone "hooks"
						{Matrix34
							1	0	0
							0	-1	0
							0	0	1
							19.5895	-15.7127	-1.21077
						}
						{VolumeView "hooks.ply"}
					}
					{bone revolute "gun_rot"
						{parameters "ID=gun;"}
						{Matrix34
							0	1	0
							1	0	1.60118e-05
							-1.67254e-05	0	-1
							23.9663	0.432289	-2.49791
						}
						{VolumeView "gun_rot.ply"}
					}
					{bone revolute "light_turret"
						{Matrix34
							1	0	1.60594e-05
							0	-1	0
							1.67155e-05	0	1
							2.2194	-19.5094	4.76427
						}
						{VolumeView "light_turret.ply"}
					}
					{bone "fxfire1"
						{Matrix34
							0	0	1
							0	-1	0
							-1	0	0
							-10.4197	-10.0563	5.29033
						}
					}
					{bone "backet"
						{Matrix34
							1	0	0
							0	-1	0
							0	0	1
							-15.3012	-19.0789	0.510468
						}
						{VolumeView "backet.ply"}
						{bone "detail_skarb"
							{Matrix34
								-0.0117904	-0.0241633	-0.999639
								0.935338	0.353214	-0.0195701
								0.353559	-0.93523	0.0184363
								2.79238	3.17398	2.25163
							}
							{VolumeView "detail_skarb.ply"}
						}
					}
					{bone "ammo_stand"
						{Matrix34
							1	0	0
							0	-1	0
							0	0	1
							-10.006	25.2103	-4.74167
						}
						{VolumeView "ammo_stand.ply"}
						{bone "detail_ammo"
							{Matrix34
								0	-1	0
								1	0	1.58847e-05
								-1.71095e-05	0	-1
								-0.531512	-0.527714	3.59629
							}
							{VolumeView "detail_ammo.ply"}
						}
					}
					{bone "t80bvm"
						{Matrix34
							1	0	0
							0	-1	0
							0	0	1
							13.7534	50.3751	-36.4623
						}
												{bone "filter"
							{parameters "ID=Turret;"}
							{Matrix34
								0.984699	0.174265	1.61247e-05
								0.174264	-0.984699	0
								1.72921e-05	0	1
								-40.9141	46.1528	37.8686
							}
							{VolumeView "filter.ply"}
							{bone "reshetka"
								{Matrix34
									0.999941	0.0108258	0
									0.0108258	-0.999941	0
									0	0	1
									-3.47661	-0.132112	5.71375
								}
								{VolumeView "reshetka.ply"}
							}
						}
						{bone "rekict_turret_fix"
							{Position 1.99783	49.9326	34.4596}
							{VolumeView "rekict_turret_fix.ply"}
							{bone "d_a73"
								{Position 7.80237	-17.3204	0.435867}
								{VolumeView "d_a73.ply"}
								{bone "tactical_sign4"
									{Matrix34
										0.544802	0.838565	0
										-0.779067	0.506147	0.369958
										0.310234	-0.201553	0.929049
										-0.619347	0.575626	1.89399
									}
									{VolumeView "tactical_sign4.ply"}
								}
							}
							{bone "d_a74"
								{Position 10.3464	-12.15	0.43589}
								{VolumeView "d_a74.ply"}
							}
							{bone "d_a75"
								{Position 4.12404	-21.8517	0.435818}
								{VolumeView "d_a75.ply"}
							}
							{bone "d_a76"
								{Position -0.356981	-25.4876	0.435764}
								{VolumeView "d_a76.ply"}
							}
							{bone "d_a77"
								{Position -5.49863	-28.0314	0.435669}
								{VolumeView "d_a77.ply"}
							}
							{bone "d_a78"
								{Position 9.23985	15.2522	0.435875}
								{VolumeView "d_a78.ply"}
								{bone "enumerator9"
									{Matrix34
										0.303715	0.149163	0.941014
										-0.461296	0.887208	0.00825101
										-0.833644	-0.436593	0.338266
										0.197124	-0.132685	1.44132
									}
									{VolumeView "enumerator9.ply"}
								}
							}
							{bone "d_a79"
								{Position 9.2826	8.14078	1.51508}
								{VolumeView "d_a79.ply"}
							}
							{bone "d_a80"
								{Position 6.19687	20.1795	0.435833}
								{VolumeView "d_a80.ply"}
								{bone "enumerator10"
									{Matrix34
										0.267487	0.215058	0.939256
										-0.622463	0.782647	-0.00193164
										-0.735521	-0.584135	0.343213
										0.123005	-0.0174999	1.40674
									}
									{VolumeView "enumerator10.ply"}
								}
							}
							{bone "d_a81"
								{Position 2.23592	24.3602	0.435783}
								{VolumeView "d_a81.ply"}
								{bone "enumerator11"
									{Matrix34
										0.21107	0.255442	0.943504
										-0.761801	0.647791	-0.0049609
										-0.612461	-0.717715	0.331326
										-0.0812321	0.0903625	1.43178
									}
									{VolumeView "enumerator11.ply"}
								}
							}
							{bone "d_a82"
								{Position -2.52329	27.6534	0.435688}
								{VolumeView "d_a82.ply"}
							}
						}
						{bone "sosna"
							{parameters "ID=Turret;"}
							{Matrix34
								-1.64718e-05	1	1.56366e-05
								-0.999999	-1.79725e-05	0.00169987
								0.00173357	-1.58014e-05	0.999998
								-14.7441	65.2919	42.6696
							}
							{VolumeView "sosna.ply"}
							{bone "visor4"
								{Matrix34
									-1.79699e-05	-0.999999	0.00169999
									1	-1.67066e-05	-1.56306e-05
									1.58763e-05	0.00173336	0.999999
									-4.66558	-4.32135	0.474564
								}
							}
							{bone "visor1"
								{Matrix34
									-1.79224e-05	-0.999999	0.00170007
									1	-1.67597e-05	-1.56138e-05
									1.58903e-05	0.00173318	0.999999
									-0.175838	-3.12732	0.102768
								}
							}
						}
						{bone "meteodatchik_80bvm"
							{Matrix34
								-1.64694e-05	1	1.56498e-05
								-0.999999	-1.79772e-05	0.00170019
								0.00173356	-1.57839e-05	0.999999
								-32.4356	53.7273	49.5517
							}
							{VolumeView "meteodatchik_80bvm.ply"}
							{bone "fxstop2"
								{Matrix34
									1.83918e-05	0.999998	-0.00170108
									-1	1.72968e-05	1.68823e-05
									1.7132e-05	0.00173353	0.999998
									-1.38369	-0.54801	-5.54297
								}
							}
						}
						{bone "80bvm_det1"
							{Position 0.426443	51.5212	39.1931}
							{VolumeView "80bvm_det1.ply"}
						}
						{bone "k5_roof"
							{Position -14.9314	41.0338	0}
							{bone "d_a83"
								{Matrix34
									0	1	0
									-0.973659	0	0.228008
									0.228037	0	0.973653
									2.6918	7.03359	43.4223
								}
								{VolumeView "d_a83.ply"}
							}
							{bone "d_a84"
								{Matrix34
									0	0.998476	0.0551869
									-0.973659	-0.0125843	0.227661
									0.228037	-0.0537325	0.972169
									8.57843	1.63032	41.6858
								}
								{VolumeView "d_a84.ply"}
							}
							{bone "d_a85"
								{Matrix34
									0	0.998476	0.0551869
									-0.973659	-0.0125843	0.227661
									0.228037	-0.0537325	0.972169
									8.61889	4.32264	41.8583
								}
								{VolumeView "d_a85.ply"}
							}
							{bone "d_a91"
								{Matrix34
									0	1	0
									-0.973012	0	0.230754
									0.230783	0	0.973005
									14.5777	12.4075	40.6273
								}
								{VolumeView "d_a91.ply"}
							}
							{bone "d_a88"
								{Matrix34
									0	0.998476	0.0551868
									-0.973011	-0.0127364	0.230406
									0.230786	-0.0536967	0.971522
									14.497	1.63027	40.2883
								}
								{VolumeView "d_a88.ply"}
							}
							{bone "d_a89"
								{Matrix34
									0	1	0
									-0.973012	0	0.230754
									0.230783	0	0.973005
									14.5778	7.03353	40.6274
								}
								{VolumeView "d_a89.ply"}
							}
							{bone "d_a90"
								{Matrix34
									0	1	0
									-0.973659	0	0.228008
									0.228037	0	0.973653
									8.65823	9.70574	42.0251
								}
								{VolumeView "d_a90.ply"}
							}
						}
					}
					{bone "antenna"
						{Matrix34
							-1	0	0
							0	1	0
							0	0	1
							-18.5969	0.124735	7.37827
						}
						{VolumeView "antenna.ply"}
					}
					{bone "anim_antenna2"
						{Matrix34
							1	-0.000614707	0
							0	0	1
							0.000614586	1	0
							-18.5689	0.245654	32.9318
						}
					}
					{bone "anim_antenna"
						{Matrix34
							1	-0.000614707	0
							0	0	1
							0.000614586	1	0
							-18.5489	0.245678	65.4764
						}
					}
					{bone "gun_recoil"
						{Matrix34
							1	0	0
							0	-1	0
							0	0	1
							10.3768	-0.0519889	-31.0781
						}
					}
					{bone "turret_systems"
						{Matrix34
							1	0	0
							0	-1	0
							0	0	1
							-27.2853	0.363942	-1.55979
						}
					}
					{bone "smokeguns"
						{Matrix34
							1	0	0
							0	-1	0
							0	0	1
							-5.45705	-0.237015	2.08657
						}
						{VolumeView "smokeguns.ply"}
						{bone "foresight21"
							{Matrix34
								0.808282	0	0.418359
								-0.707107	1.55812e-05	0.707107
								-1.12969e-05	-1	1.10632e-05
								8.2207	27.0139	1.06417
							}
						}
						{bone "foresight20"
							{Matrix34
								0.808282	0	0.418359
								-0.707107	1.55812e-05	0.707107
								-1.12969e-05	-1	1.10632e-05
								8.22068	-27.8783	1.06418
							}
						}
					}
					{bone "inter"
						{parameters "ID=Turret;"}
						{Position 0	0	0}
						{VolumeView "inter.ply"}
					}
				}
				{bone "nera2"
					{Matrix34
						1	0	0
						0	0	-1
						0	1	0
						64.7649	1.89218	-28.2403
					}
					{VolumeView "nera2_3.ply"}
				}
				{bone "nera1"
					{Matrix34
						1	0	0
						0	0	1
						0	1	0
						64.7649	1.89221	28.1926
					}
					{VolumeView "nera1_3.ply"}
				}
			}
		}
	}
}
{Volume "additional_triplex1"
	{Box 4.03014 3.53866 9.07995}
	{Bone "sosna"}
	{Matrix34
		-1.77044e-05	-0.999999	0.00170103
		0.999999	-1.69775e-05	-1.5578e-05
		1.59201e-05	0.00173315	0.999999
		-5.18384	-2.30311	-2.37232
	}
}
{Volume "additional_triplex"
	{Box 4.17759 3.75164 7.94233}
	{Bone "com_turret"}
	{Matrix34
		0.999761	0	0.021841
		0	-0.999999	0
		-0.0218407	0	0.999762
		3.52935	0.062408	0.377168
	}
}
{Volume "ammo_storage_main1"
	{Box 14.291 14.4168 8.66516}
	{Bone "body_systems"}
	{Matrix34
		1	0	0
		0	9.53554e-05	1
		0	-1	9.53175e-05
		-11.0983	-13.9529	7.51972
	}
}
{Volume "ammo_storage_main2"
	{Box 6.93205 14.2209 10.2503}
	{Bone "body_systems"}
	{Matrix34
		1	0	0
		0	0	1
		0	-1	0
		-62.9721	0.380078	8.65626
	}
}
{Volume "ammo_storage_main"
	{Cylinder 19.0687 10.4586}
	{Bone "body_systems"}
	{Position -38.618	0.723156	6.85454}
}
{Volume "ammo_storage_mgun"
	{Box 2.68756 6.53355 4.30566}
	{Bone "turret_systems"}
	{Matrix34
		0.700824	-0.713334	0
		0.713335	0.700823	0
		0	0	1
		39.0887	-10.4545	-1.96765
	}
}
{Volume "apu"
	{Box 10.4194 5.99607 6.44921}
	{Bone "body_systems"}
	{Matrix34
		1	0	0
		0	0	1
		0	-1	0
		-84.9253	16.7849	15.2035
	}
}
{Volume "autoloader1"
	{Cylinder 19.0687 7.0192}
	{Bone "body_systems"}
	{Position -38.618	0.723156	5.13484}
}
{Volume "autoloader"
	{Box 4.31815 5.83224 22.4628}
	{Bone "turret_systems"}
	{Position 12.0258	-0.188207	-7.89746}
}
{Volume "body"
	{Polyhedron "body.vol"}
	{Bone "body"}
	{Matrix34
		1	0	0
		0	0	1
		0	1	0
		0.12911	-0.0113029	-0.0536763
	}
}
{Volume "commander_place"
	{Box 11.8623 10.1942 25.2538}
	{Bone "turret_systems"}
	{Position 21.5853	-11.9621	-5.48495}
}
{Volume "commander_triplex"
	{Box 6.33124 6.15991 9.86777}
	{Bone "sosna"}
	{Matrix34
		-1.77044e-05	-0.999999	0.00170103
		0.999999	-1.69775e-05	-1.5578e-05
		1.59201e-05	0.00173315	0.999999
		0.0297845	-0.155176	-1.39411
	}
}
{Volume "comp_armor_body"
	{Box 28.7009 42.7605 0.0988327}
	{Bone "body_systems"}
	{Matrix34
		0.910632	0	-0.41322
		0	1	0
		0.41322	0	0.910631
		9.93019	0.556044	13.8045
	}
}
{Volume "comp_armor_turret1"
	{Polyhedron "comp_armor_turret1.vol"}
	{Bone "turret_systems"}
	{Position 34.7801	-16.6658	-0.645947}
}
{Volume "comp_armor_turret"
	{Polyhedron "comp_armor_turret.vol"}
	{Bone "turret_systems"}
	{Position 35.2822	16.9171	-1.72478}
}
{Volume "comp_d_a51"
	{Box 11.0795 5.60174 0.424358}
	{Bone "d_a51"}
	{Matrix34
		0.910366	0	-0.413804
		0	1	0
		0.413804	0	0.910366
		0.0775162	0.0373821	0.178215
	}
}
{Volume "comp_d_a52"
	{Box 11.0795 5.60174 0.424358}
	{Bone "d_a52"}
	{Matrix34
		0.910366	0	-0.413804
		0	1	0
		0.413804	0	0.910366
		0.0774933	-0.0413341	0.178215
	}
}
{Volume "comp_d_a53"
	{Box 11.0795 5.60174 0.424358}
	{Bone "d_a53"}
	{Matrix34
		0.910366	0	-0.413804
		0	1	0
		0.413804	0	0.910366
		0.0774933	0.030921	0.178215
	}
}
{Volume "comp_d_a54"
	{Box 11.0795 5.60174 0.424358}
	{Bone "d_a54"}
	{Matrix34
		0.910366	0	-0.413804
		0	1	0
		0.413804	0	0.910366
		0.0774933	0.0235453	0.178215
	}
}
{Volume "comp_d_a55"
	{Box 11.0795 5.60174 0.424358}
	{Bone "d_a55"}
	{Matrix34
		0.910366	0	-0.413804
		0	1	0
		0.413804	0	0.910366
		0.0774933	-0.0406475	0.178215
	}
}
{Volume "comp_d_a56"
	{Box 11.0795 5.60174 0.424358}
	{Bone "d_a56"}
	{Matrix34
		0.910366	0	-0.413804
		0	1	0
		0.413804	0	0.910366
		0.0774933	0.015791	0.178215
	}
}
{Volume "comp_d_a57"
	{Box 11.0795 5.60174 0.424358}
	{Bone "d_a57"}
	{Matrix34
		0.931353	0	-0.364118
		0	1	0
		0.364118	0	0.931353
		0.0237532	0.015791	0.129014
	}
}
{Volume "comp_d_a58"
	{Box 11.0795 5.60174 0.424358}
	{Bone "d_a58"}
	{Matrix34
		0.950606	0	-0.3104
		0	1	0
		0.3104	0	0.950606
		0.0264621	-0.0406475	0.141865
	}
}
{Volume "comp_d_a59"
	{Box 11.0795 5.60174 0.424358}
	{Bone "d_a59"}
	{Matrix34
		0.950606	0	-0.3104
		0	1	0
		0.3104	0	0.950606
		0.0264621	0.0236063	0.141865
	}
}
{Volume "comp_d_a60"
	{Box 11.0795 5.60174 0.424358}
	{Bone "d_a60"}
	{Matrix34
		0.950606	0	-0.3104
		0	1	0
		0.3104	0	0.950606
		0.0264621	0.030921	0.141865
	}
}
{Volume "comp_d_a61"
	{Box 11.0795 5.60174 0.424358}
	{Bone "d_a61"}
	{Matrix34
		0.931353	0	-0.364118
		0	1	0
		0.364118	0	0.931353
		0.0237684	0.0373821	0.129014
	}
}
{Volume "comp_d_a62"
	{Box 11.0795 5.60174 0.424358}
	{Bone "d_a62"}
	{Matrix34
		0.950606	0	-0.3104
		0	1	0
		0.3104	0	0.950606
		0.0264621	-0.0413322	0.141846
	}
}
{Volume "comp_d_a73"
	{Polyhedron "comp_d_a73.vol"}
	{Bone "d_a73"}
	{Matrix34
		0.837315	-0.54672	0
		0.546721	0.837315	0
		0	0	1
		-0.234467	0.43247	-0.0130882
	}
}
{Volume "comp_d_a74"
	{Polyhedron "comp_d_a74.vol"}
	{Bone "d_a74"}
	{Matrix34
		0.929776	-0.368125	0
		0.368126	0.929776	0
		0	0	1
		-0.172655	0.450299	-0.0131111
	}
}
{Volume "comp_d_a75"
	{Polyhedron "comp_d_a75.vol"}
	{Bone "d_a75"}
	{Matrix34
		0.705044	-0.709164	0
		0.709164	0.705044	0
		0	0	1
		-0.341955	0.313372	-0.0130348
	}
}
{Volume "comp_d_a76"
	{Polyhedron "comp_d_a76.vol"}
	{Bone "d_a76"}
	{Matrix34
		0.543194	-0.839607	0
		0.839607	0.543194	0
		0	0	1
		-0.429239	0.245745	-0.012989
	}
}
{Volume "comp_d_a77"
	{Polyhedron "comp_d_a77.vol"}
	{Bone "d_a77"}
	{Matrix34
		0.357872	-0.933771	0
		0.933771	0.357872	0
		0	0	1
		-0.402456	0.186491	-0.0128937
	}
}
{Volume "comp_d_a78"
	{Polyhedron "comp_d_a78.vol"}
	{Bone "d_a78"}
	{Matrix34
		0.898354	0.439273	0
		-0.439273	0.898354	0
		0	0	1
		-0.228794	-0.423591	-0.0130959
	}
}
{Volume "comp_d_a79"
	{Box 7.17062 6.49463 0.875774}
	{Bone "d_a79"}
	{Matrix34
		0.651682	0	0.758493
		0	1	0
		-0.758492	0	0.651682
		1.18841	-0.0271527	-0.0158338
	}
}
{Volume "comp_d_a80"
	{Polyhedron "comp_d_a80.vol"}
	{Bone "d_a80"}
	{Matrix34
		0.790901	0.611945	0
		-0.611945	0.790901	0
		0	0	1
		-0.265013	-0.353914	-0.0130501
	}
}
{Volume "comp_d_a81"
	{Polyhedron "comp_d_a81.vol"}
	{Bone "d_a81"}
	{Matrix34
		0.648166	0.761499	0
		-0.761499	0.648166	0
		0	0	1
		-0.320154	-0.306417	-0.0130081
	}
}
{Volume "comp_d_a82"
	{Polyhedron "comp_d_a82.vol"}
	{Bone "d_a82"}
	{Matrix34
		0.483638	0.875268	0
		-0.875268	0.483638	0
		0	0	1
		-0.410516	-0.241686	-0.0129089
	}
}
{Volume "comp_d_a83"
	{Box 21.7236 13.677 2.08178}
	{Bone "d_a83"}
	{Matrix34
		0.365608	0	0
		0	0.365606	0
		0	0	0.365612
		2.65668	0.0392866	-0.0168227
	}
}
{Volume "comp_d_a84"
	{Box 6.771 13.677 2.08178}
	{Bone "d_a84"}
	{Matrix34
		0.365608	0	0
		0	0.365606	0
		0	0	0.365612
		-0.0616932	0.0392847	-0.0168073
	}
}
{Volume "comp_d_a85"
	{Box 14.1065 13.677 2.08178}
	{Bone "d_a85"}
	{Matrix34
		0.365051	-0.00460056	-0.0196458
		0.00460052	0.365577	-0.000124061
		0.0196456	-0.000123572	0.365083
		1.28154	0.0229282	0.0858956
	}
}
{Volume "comp_d_a88"
	{Box 6.77112 13.677 2.08178}
	{Bone "d_a88"}
	{Matrix34
		0.365608	0	0
		0	0.365606	0
		0	0	0.365611
		-0.0249534	0.0392942	-0.0167961
	}
}
{Volume "comp_d_a89"
	{Box 14.1065 13.677 2.08178}
	{Bone "d_a89"}
	{Matrix34
		0.365608	0	0
		0	0.365606	0
		0	0	0.365612
		-1.43627	0.0393276	-0.0168226
	}
}
{Volume "comp_d_a90"
	{Box 14.1065 13.677 2.08178}
	{Bone "d_a90"}
	{Matrix34
		0.365608	0	0
		0	0.365606	0
		0	0	0.365612
		1.3314	0.0392933	-0.0168493
	}
}
{Volume "comp_d_a91"
	{Box 14.1063 13.677 2.08178}
	{Bone "d_a91"}
	{Matrix34
		0.365609	0	0
		0	0.365606	0
		0	0	0.365612
		-1.37046	0.0393372	-0.0168073
	}
}
{Volume "comp_d_a92"
	{Box 12.6964 8.7114 0.452674}
	{Bone "d_a92"}
	{Matrix34
		0.999841	0	0.0178557
		-0.0178556	0	0.999841
		0	-1	0
		0.0185912	0.0919992	0.0874973
	}
}
{Volume "comp_d_a93"
	{Box 12.6964 8.7114 0.452674}
	{Bone "d_a93"}
	{Matrix34
		0.999841	0	0.0178557
		-0.0178556	0	0.999841
		0	-1	0
		-0.121975	0.187817	-0.0771011
	}
}
{Volume "comp_d_a94"
	{Box 12.6964 8.7114 0.452674}
	{Bone "d_a94"}
	{Matrix34
		0.999841	0	0.0178557
		-0.0178556	0	0.999841
		0	-1	0
		-0.0170667	0.23859	-0.147015
	}
}
{Volume "comp_d_a95"
	{Box 12.6964 8.7114 0.452674}
	{Bone "d_a95"}
	{Matrix34
		0.999841	0	0.0178554
		-0.0178552	0	0.999841
		0	1	0
		0.0184921	0.252262	0.0873848
	}
}
{Volume "comp_d_a96"
	{Box 12.6964 8.7114 0.452674}
	{Bone "d_a96"}
	{Matrix34
		0.999841	0	0.0178554
		-0.0178552	0	0.999841
		0	1	0
		-0.121956	0.348038	-0.0772366
	}
}
{Volume "comp_d_a97"
	{Box 12.6964 8.7114 0.452674}
	{Bone "d_a97"}
	{Matrix34
		0.999841	0	0.0178554
		-0.0178552	0	0.999841
		0	1	0
		-0.0170437	0.398781	-0.147143
	}
}
{Volume "d_a51"
	{Box 11.0795 5.60174 0.424358}
	{Bone "d_a51"}
	{Matrix34
		0.910366	0	-0.413804
		0	1	0
		0.413804	0	0.910366
		0.0775162	0.0373821	0.178215
	}
}
{Volume "d_a52"
	{Box 11.0795 5.60174 0.424358}
	{Bone "d_a52"}
	{Matrix34
		0.910366	0	-0.413804
		0	1	0
		0.413804	0	0.910366
		0.0774933	-0.0413341	0.178215
	}
}
{Volume "d_a53"
	{Box 11.0795 5.60174 0.424358}
	{Bone "d_a53"}
	{Matrix34
		0.910366	0	-0.413804
		0	1	0
		0.413804	0	0.910366
		0.0774933	0.030921	0.178215
	}
}
{Volume "d_a54"
	{Box 11.0795 5.60174 0.424358}
	{Bone "d_a54"}
	{Matrix34
		0.910366	0	-0.413804
		0	1	0
		0.413804	0	0.910366
		0.0774933	0.0235453	0.178215
	}
}
{Volume "d_a55"
	{Box 11.0795 5.60174 0.424358}
	{Bone "d_a55"}
	{Matrix34
		0.910366	0	-0.413804
		0	1	0
		0.413804	0	0.910366
		0.0774933	-0.0406475	0.178215
	}
}
{Volume "d_a56"
	{Box 11.0795 5.60174 0.424358}
	{Bone "d_a56"}
	{Matrix34
		0.910366	0	-0.413804
		0	1	0
		0.413804	0	0.910366
		0.0774933	0.015791	0.178215
	}
}
{Volume "d_a57"
	{Box 11.0795 5.60174 0.424358}
	{Bone "d_a57"}
	{Matrix34
		0.931353	0	-0.364118
		0	1	0
		0.364118	0	0.931353
		0.0237532	0.015791	0.129014
	}
}
{Volume "d_a58"
	{Box 11.0795 5.60174 0.424358}
	{Bone "d_a58"}
	{Matrix34
		0.950606	0	-0.3104
		0	1	0
		0.3104	0	0.950606
		0.0264621	-0.0406475	0.141865
	}
}
{Volume "d_a59"
	{Box 11.0795 5.60174 0.424358}
	{Bone "d_a59"}
	{Matrix34
		0.950606	0	-0.3104
		0	1	0
		0.3104	0	0.950606
		0.0264621	0.0236063	0.141865
	}
}
{Volume "d_a60"
	{Box 11.0795 5.60174 0.424358}
	{Bone "d_a60"}
	{Matrix34
		0.950606	0	-0.3104
		0	1	0
		0.3104	0	0.950606
		0.0264621	0.030921	0.141865
	}
}
{Volume "d_a61"
	{Box 11.0795 5.60174 0.424358}
	{Bone "d_a61"}
	{Matrix34
		0.931353	0	-0.364118
		0	1	0
		0.364118	0	0.931353
		0.0237684	0.0373821	0.129014
	}
}
{Volume "d_a62"
	{Box 11.0795 5.60174 0.424358}
	{Bone "d_a62"}
	{Matrix34
		0.950606	0	-0.3104
		0	1	0
		0.3104	0	0.950606
		0.0264621	-0.0413322	0.141846
	}
}
{Volume "d_a73"
	{Polyhedron "d_a73.vol"}
	{Bone "d_a73"}
	{Matrix34
		0.837315	-0.54672	0
		0.546721	0.837315	0
		0	0	1
		-0.234467	0.43247	-0.0130882
	}
}
{Volume "d_a74"
	{Polyhedron "d_a74.vol"}
	{Bone "d_a74"}
	{Matrix34
		0.929776	-0.368125	0
		0.368126	0.929776	0
		0	0	1
		-0.172655	0.450299	-0.0131111
	}
}
{Volume "d_a75"
	{Polyhedron "d_a75.vol"}
	{Bone "d_a75"}
	{Matrix34
		0.705044	-0.709164	0
		0.709164	0.705044	0
		0	0	1
		-0.341955	0.313372	-0.0130348
	}
}
{Volume "d_a76"
	{Polyhedron "d_a76.vol"}
	{Bone "d_a76"}
	{Matrix34
		0.543194	-0.839607	0
		0.839607	0.543194	0
		0	0	1
		-0.429239	0.245745	-0.012989
	}
}
{Volume "d_a77"
	{Polyhedron "d_a77.vol"}
	{Bone "d_a77"}
	{Matrix34
		0.357872	-0.933771	0
		0.933771	0.357872	0
		0	0	1
		-0.402456	0.186491	-0.0128937
	}
}
{Volume "d_a78"
	{Polyhedron "d_a78.vol"}
	{Bone "d_a78"}
	{Matrix34
		0.898354	0.439273	0
		-0.439273	0.898354	0
		0	0	1
		-0.228794	-0.423591	-0.0130959
	}
}
{Volume "d_a79"
	{Box 7.17062 6.49463 0.875774}
	{Bone "d_a79"}
	{Matrix34
		0.651682	0	0.758493
		0	1	0
		-0.758492	0	0.651682
		1.18841	-0.0271527	-0.0158338
	}
}
{Volume "d_a80"
	{Polyhedron "d_a80.vol"}
	{Bone "d_a80"}
	{Matrix34
		0.790901	0.611945	0
		-0.611945	0.790901	0
		0	0	1
		-0.265013	-0.353914	-0.0130501
	}
}
{Volume "d_a81"
	{Polyhedron "d_a81.vol"}
	{Bone "d_a81"}
	{Matrix34
		0.648166	0.761499	0
		-0.761499	0.648166	0
		0	0	1
		-0.320154	-0.306417	-0.0130081
	}
}
{Volume "d_a82"
	{Polyhedron "d_a82.vol"}
	{Bone "d_a82"}
