;Exported by: Timosh
;Date:        Thu Nov  9 19:00:23 2023
;File:        G:\?????? ? Pheonix\??????????????\??????\?????? ? ???????\angar_military ?????????????\angar_military x 25.max
{Skeleton
	{bone "roof_18"
		{Orientation
			1	0	0
			0	-1	0
			0	0	1
		}
		{bone "piece1"
			{Matrix34
				0.996195	0	0.0871557
				0	1	0
				-0.0871557	0	0.996195
				6.80222	0.00823212	121.55
			}
			{VolumeView "piece1.ply"}
		}
		{bone "piece2"
			{Position 7.27664	0.0143433	113.705}
			{VolumeView "piece2.ply"}
		}
		{bone "piece3"
			{Matrix34
				0.996195	0	0.0871557
				0	1	0
				-0.0871557	0	0.996195
				-35.3713	-26.8467	118.642
			}
			{VolumeView "piece3.ply"}
		}
		{bone "piece4"
			{Matrix34
				0.996195	0	0.0871557
				0	1	0
				-0.0871557	0	0.996195
				19.4434	23.4587	126.11
			}
			{VolumeView "piece4.ply"}
		}
		{bone "piece5"
			{Matrix34
				0.996195	0	0.0871557
				0	1	0
				-0.0871557	0	0.996195
				17.3593	-23.5515	125.832
			}
			{VolumeView "piece5.ply"}
		}
		{bone "piece6"
			{Matrix34
				0.996195	0	0.0871557
				0	1	0
				-0.0871557	0	0.996195
				-26.5714	23.9195	119.857
			}
			{VolumeView "piece6.ply"}
		}
	}
}
{Volume "piece1"
	{Box 86.561 3.92818 5.95148}
	{Bone "piece1"}
	{Position 0.078125	0	-0.03862}
}
{Volume "piece2"
	{Box 84.7943 3.93648 2.03117}
	{Bone "piece2"}
	{Position 0	0	0}
}
{Volume "piece3"
	{Box 48.5581 54.274 6.08253}
	{Bone "piece3"}
	{Position 0.00244141	0	0.0161171}
}
{Volume "piece4"
	{Box 36.0721 51.3543 5.5144}
	{Bone "piece4"}
	{Position 0.120407	0	-0.0183907}
}
{Volume "piece5"
	{Box 50.4628 41.9413 6.1916}
	{Bone "piece5"}
	{Position 0.164932	0	-0.0223007}
}
{Volume "piece6"
	{Box 66.3008 49.4598 6.93526}
	{Bone "piece6"}
	{Position 0.00050354	0	0.00114059}
}
