;Exported by: Timosh
;Date:        Wed Oct  4 13:15:32 2023
;File:        G:\?????? ? Pheonix\??????????????\??????\????????\????????\???\JDAM-ER\GBU-31 ER final.max
{Skeleton
	{animation
		{sequence "flip_bomb" {speed 0.5}}
		{sequence "open_wing" {speed 0.5}}
	}
	{bone "basis"
		{Orientation
			1	0	0
			0	-1	0
			0	0	1
		}
		{bone "jdam_er"
			{Matrix34
				1	0	0
				0	-0.996195	-0.0871559
				0	0.0871559	-0.996195
				0	-0.000252565	0
			}
			{VolumeView "jdam_er.ply"}
			{bone "tail"
				{parameters "Voxels=0;"}
				{Matrix34
					1	0	0
					0	0.0871559	0.996195
					0	-0.996195	0.087156
					-34.5486	-0.185977	0.253832
				}
			}
			{bone "wingl"
				{Matrix34
					0.173648	-0.0858313	-0.981061
					0.984808	0.015134	0.172987
					0	-0.996195	0.0871553
					5.79886	-5.3797	-1.76371
				}
				{VolumeView "wingl.ply"}
			}
			{bone "wingr"
				{Matrix34
					0.173648	0.0858313	0.981061
					-0.984808	0.0151344	0.172987
					0	-0.996195	0.0871554
					5.82837	-4.99178	2.67019
				}
				{VolumeView "wingr.ply"}
			}
		}
	}
}
{Volume "body"
	{Box 78.7402 9.84252 9.84252}
	{Bone "jdam_er"}
	{Matrix34
		0.857	0	0
		0	-0.853739	0.0746924
		0	-0.0746924	-0.853739
		0.251731	-1.11127	-0.469129
	}
}
{Volume "select"
	{Box 78.7402 9.84252 9.84252}
	{Bone "jdam_er"}
	{Matrix34
		0.857	0	0
		0	-0.853739	0.0746924
		0	-0.0746924	-0.853739
		0.251731	-1.11127	-0.469129
	}
}
{Extender "preview"
	{"Stuff"
		{camera
			{origin 66.6395	-25.6333	-96.2985}
			{lookat 5.07227	-4.24676	-1.79271}
			{fov 31.7555}
			{horizon 73.8717}
		}
		{lights
			{"0"
				{type point}
				{position 4.90045	-10.8791	-5.65455}
			}
			{"1"
				{type directional}
				{direction -0.0725245	0.317994	0.378972}
			}
			{"2"
				{type point}
				{position -3.71852	-8.11155	-4.71108}
			}
		}
	}
}
