;Exported by: GANS_LXVS
;Date:        Tue Mar 01 15:40:09 2016
;File:        D:\model_GANSa\models_STALKER\gaz53\gaz53_xx.max
{Skeleton
	{bone "basis"
		{Orientation
			1	0	0
			0	-1	0
			0	0	1
		}
		{bone "pivot_front"
			{parameters "ID=body;"}
			{Position 44.1929	0.00199986	9.13386}
			{VolumeView "pivot_front.ply"}
			{bone revolute "steer_r1"
				{parameters "ID=body;"}
				{Matrix34
					1	0	0
					0	-1	0
					0	0	-1
					0.0154495	-14.8642	1.05637
				}
				{VolumeView "steer_r1.ply"}
				{bone revolute "part3"
					{parameters "ID=body;"}
					{Matrix34
						1	0	0
						0	0	1
						0	-1	0
						0.248062	2.994	-0.273243
					}
					{VolumeView "part3.ply"}
				}
			}
			{bone revolute "steer_l1"
				{parameters "ID=body;"}
				{Matrix34
					1	0	0
					0	-1	0
					0	0	-1
					0.0154495	14.8642	1.05637
				}
				{VolumeView "steer_l1.ply"}
				{bone revolute "part4"
					{parameters "ID=body;"}
					{Matrix34
						1	0	0
						0	0	1
						0	-1	0
						0.153763	-3.02095	-0.388592
					}
					{VolumeView "part4.ply"}
				}
			}
		}
		{bone "pivot_back"
			{parameters "ID=body;"}
			{Position -36.4173	0.00204992	10.748}
			{VolumeView "pivot_back.ply"}
			{bone revolute "spring_r2"
				{parameters "ID=body;"}
				{Position -0.00669861	-8.76958	-0.00814819}
				{VolumeView "spring_r2.ply"}
				{bone revolute "part5"
					{parameters "ID=body;"}
					{Matrix34
						1	0	0
						0	0	-1
						0	1	0
						0.0863037	-8.13462	0.0308418
					}
					{VolumeView "part5.ply"}
				}
			}
			{bone revolute "spring_l2"
				{parameters "ID=body;"}
				{Position -0.00669861	8.76958	-0.00814819}
				{VolumeView "spring_l2.ply"}
				{bone revolute "part6"
					{parameters "ID=body;"}
					{Matrix34
						1	0	0
						0	0	-1
						0	1	0
						-0.0403519	8.08613	-0.0259838
					}
					{VolumeView "part6.ply"}
				}
			}
		}
		{bone "body"
			{parameters "ID=body;"}
			{Matrix34
				0.999956	0	-0.00942461
				0	1	0
				0.00942461	0	0.999956
				-0.139599	0	15.289
			}
			{VolumeView "body.ply"}
			{bone "part1"
				{parameters "ID=body;"}
				{Matrix34
					1	0	0
					0	0.95931	-0.282356
					0	0.282356	0.95931
					59.4703	-0.0196855	-0.863691
				}
				{VolumeView "part1.ply"}
			}
			{bone "cabin"
				{parameters "ID=cabin;"}
				{Matrix34
					0.998102	-0.00280372	-0.0615216
					0	0.998963	-0.0455277
					0.0615855	0.0454413	0.997067
					19.9771	0	1.41876
				}
				{VolumeView "cabin.ply"}
				{bone "part2"
					{parameters "ID=body;"}
					{Matrix34
						0.996251	-0.052624	0.0686615
						0.0529629	0.998592	-0.00312351
						-0.0684004	0.00674832	0.997635
						14.2953	-0.0196856	16.4555
					}
					{VolumeView "part2.ply"}
				}
				{bone "doorr"
					{parameters "ID=cabin;"}
					{Matrix34
						0.980368	0.182841	0.073812
						-0.182325	0.983142	-0.0137274
						-0.0750777	0	0.997178
						10.9174	-18.1496	12.107
					}
					{VolumeView "doorr.ply"}
				}
				{bone "doorl"
					{parameters "ID=cabin;"}
					{Matrix34
						0.983467	-0.165407	0.0737098
						0.164945	0.986225	0.0123624
						-0.0747393	0	0.997203
						10.8814	18.1496	12.107
					}
					{VolumeView "doorl.ply"}
				}
			}
			{bone "fuel"
				{parameters "ID=body;"}
				{Position -2.59783	14.9803	0.242734}
				{VolumeView "fuel.ply"}
			}
			{bone "detail1"
				{parameters "ID=body;"}
				{Position -2.59783	-14.731	0.242734}
				{VolumeView "detail1.ply"}
			}
		}
	}
}
{Volume "body_lod1"
	{Box 122.889 23.5086 7.7588}
	{Bone "body"}
	{Matrix34
		0.999848	0	-0.0174524
		0	1	0
		0.0174524	0	0.999848
		-2.53201	0	1.87303
	}
}
{Volume "body"
	{Box 124.13 23.7461 7.83717}
	{Bone "body"}
	{Matrix34
		0.999848	0	-0.0174524
		0	1	0
		0.0174524	0	0.999848
		-2.53132	0	1.91221
	}
}
{Volume "cabin1"
	{Polyhedron "cabin1.vol"}
	{Bone "cabin"}
	{Position 25.6674	0	-2.40057}
}
{Volume "cabin3"
	{Box 24.9105 8.37844 8.79698}
	{Bone "cabin"}
	{Position 25.5925	-17.692	7.88437}
}
{Volume "cabin4"
	{Box 24.9105 8.37844 8.79698}
	{Bone "cabin"}
	{Position 25.5925	17.6968	7.88437}
}
{Volume "cabin"
	{Polyhedron "cabin.vol"}
	{Bone "cabin"}
	{Position 0.663485	0	-2.40057}
}
{Volume "cabinl_lod1"
	{Polyhedron "cabinl_lod1.vol"}
	{Bone "cabin"}
	{Position 0.663485	0	-2.40057}
}
{Volume "detail1"
	{Box 21.4416 8.68027 7.58671}
	{Bone "detail1"}
	{Position -0.0184804	-0.24931	-0.475655}
}
{Volume "doorl"
	{Box 19.3217 2.91492 17.4521}
	{Bone "doorl"}
	{Position -9.71817	-1.02362	-3.87452}
}
{Volume "doorr"
	{Box 19.3217 2.91492 17.4521}
	{Bone "doorr"}
	{Position -9.7542	1.03035	-3.87453}
}
{Volume "fuel"
	{Box 21.4416 8.68027 7.58671}
	{Bone "fuel"}
	{Position -0.0184808	-0.539658	-0.475654}
}
{Volume "inventory"
	{Box 35.5262 20.0705 10.8502}
	{Bone "body"}
	{Position -9.91545	0	2.65767}
}
{Volume "part1"
	{Box 2.37603 43.975 4.01798}
	{Bone "part1"}
	{Position -0.0390282	0	-1.51463}
}
{Volume "part2"
	{Polyhedron "part2.vol"}
	{Bone "part2"}
	{Position 11.1625	0	-4.6291}
}
{Volume "part3"
	{Cylinder 10.6718 5.20545}
	{Bone "part3"}
	{Matrix34
		1	0	0
		0	-1	0
		0	0	-1
		-0.111816	-0.100954	-0.0375528
	}
}
{Volume "part4"
	{Cylinder 10.6718 5.20545}
	{Bone "part4"}
	{Position -0.0175171	0.0144005	0.00659561}
}
{Volume "part5"
	{Cylinder 10.6718 11.1323}
	{Bone "part5"}
	{Matrix34
		1	0	0
		0	-1	0
		0	0	-1
		-0.145226	0.204278	0.0714383
	}
}
{Volume "part6"
	{Cylinder 10.6718 11.1323}
	{Bone "part6"}
	{Position -0.0185776	0.147451	-0.0270405}
}
{Volume "pivot_back"
	{Sphere 5.61391}
	{Bone "pivot_back"}
	{Position 0	-0.00204992	0}
}
{Volume "pivot_front"
	{Box 6.74365 29.9237 2.96333}
	{Bone "pivot_front"}
	{Position 0	-0.00199986	-0.830166}
}
