;Exported by: Timosh
;Date:        Thu Nov  9 19:00:25 2023
;File:        G:\?????? ? Pheonix\??????????????\??????\?????? ? ???????\angar_military ?????????????\angar_military x 25.max
{Skeleton
	{bone "roof_05"
		{Orientation
			1	0	0
			0	-1	0
			0	0	1
		}
		{bone "piece1"
			{Matrix34
				0.996195	0	-0.0871557
				0	1	0
				0.0871557	0	0.996195
				-8.16049	-0.0187988	121.309
			}
			{VolumeView "piece1.ply"}
		}
		{bone "piece2"
			{Position -8.07925	-0.0128784	114.445}
			{VolumeView "piece2.ply"}
		}
		{bone "piece3"
			{Matrix34
				0.996195	0	-0.0871557
				0	1	0
				0.0871557	0	0.996195
				-10.4069	12.522	124.443
			}
			{VolumeView "piece3.ply"}
		}
		{bone "piece4"
			{Matrix34
				0.996195	0	-0.0871557
				0	1	0
				0.0871557	0	0.996195
				33.7767	17.8988	118.623
			}
			{VolumeView "piece4.ply"}
		}
	}
}
{Volume "piece1"
	{Box 66.4179 3.90106 4.80569}
	{Bone "piece1"}
	{Position -0.0804443	0	-0.0220184}
}
{Volume "piece2"
	{Box 64.4136 3.89604 1.99945}
	{Bone "piece2"}
}
{Volume "piece3"
	{Box 53.7777 41.1013 6.16356}
	{Bone "piece3"}
	{Position -0.00108337	0	0.00640106}
}
{Volume "piece4"
	{Box 34.6465 51.5586 5.33589}
	{Bone "piece4"}
	{Position -0.00012207	0	-0.000114441}
}
