;Exported by: Timosh
;Date:        Thu Nov  9 19:00:27 2023
;File:        G:\?????? ? Pheonix\??????????????\??????\?????? ? ???????\angar_military ?????????????\angar_military x 25.max
{Skeleton
	{bone "roof_20"
		{Orientation
			1	0	0
			0	-1	0
			0	0	1
		}
		{bone "piece1"
			{Matrix34
				0.996195	0	-0.0871557
				0	1	0
				0.0871557	0	0.996195
				-6.5589	-0.0161133	122.305
			}
			{VolumeView "piece1.ply"}
		}
		{bone "piece2"
			{Matrix34
				0.996195	0	-0.0871557
				0	1	0
				0.0871557	0	0.996195
				-15.3642	-20.2559	126.332
			}
			{VolumeView "piece2.ply"}
		}
		{bone "piece3"
			{Matrix34
				0.996195	0	-0.0871557
				0	1	0
				0.0871557	0	0.996195
				36.0621	-17.4106	119.546
			}
			{VolumeView "piece3.ply"}
		}
		{bone "piece4"
			{Matrix34
				0.996195	0	-0.0871557
				0	1	0
				0.0871557	0	0.996195
				5.73389	19.9387	123.549
			}
			{VolumeView "piece4.ply"}
		}
		{bone "piece5"
			{Position -6.66476	-0.00908661	114.441}
			{VolumeView "piece5.ply"}
		}
	}
}
{Volume "piece1"
	{Box 88.3441 3.94608 5.77985}
	{Bone "piece1"}
	{Position -0.0325012	0	-0.00883102}
}
{Volume "piece2"
	{Box 54.9786 60.6149 6.22232}
	{Bone "piece2"}
	{Position -0.000289917	0	-3.05176e-05}
}
{Volume "piece3"
	{Box 48.6413 54.2258 5.94994}
	{Bone "piece3"}
	{Position -0.000274658	0	-0.000114441}
}
{Volume "piece4"
	{Box 56.7912 46.7102 6.30429}
	{Bone "piece4"}
	{Position -0.000244141	0	-4.57764e-05}
}
{Volume "piece5"
	{Box 87.3103 3.93909 2.03636}
	{Bone "piece5"}
	{Position 0	0	0}
}
