;MDL File generated by SOEdit Version Next (v0.7m4)
;Model created by: MOCKVu4
;Date: Tue Jun 27 21:33:17 2023
;File: C:\Users\MOCKVu4\Downloads\yaz_patriot.max
;Model create/rebuild by: MoCKBu4
;Last build date: Thursday 28 June 2023 [04:58:41]
{Skeleton
    {Animation
        {Sequence "start" {Speed 0.6}}
        {Sequence "stop" {Speed 0.6}}
        {Sequence "driver" {Speed 0.2} {Resume}}
        {Sequence "commander" {Speed 0.2} {Resume}}
        {Sequence "doorl2" {Speed 0.2} {Resume}}
        {Sequence "doorr2" {Speed 0.2} {Resume}}
        {Sequence "doorb" {Speed 0.2} {Resume}}
    }
    {Bone "basis"
        {Parameters "Wheelradius=0.34;SteerMax=28;"}
        {Orientation
            1	0	0
            0	-1	0
            0	0	1
        }
        {Bone "pivot_back"
            {Parameters "ID=body;"}
            {Matrix34
                1	0	0
                0	0.999981	0.00612215
                0	-0.00619804	0.999981
                -25.4114	-1.96513	8.32022
            }
            {Bone revolute "wheell2"
                {Parameters "ID=wheelleft2;"}
                {Matrix34
                    1	0	0
                    0	0.00619925	0.999981
                    0	-0.999981	0.00612335
                    0.234898	16.0842	-1.07293
                }
                {VolumeView "wheell2.ply"}
            }
            {Bone revolute "wheelr2"
                {Parameters "ID=wheelright2;"}
                {Matrix34
                    1	0	0
                    0	0.00619788	0.999981
                    0	-0.999981	0.00612199
                    0.0939102	-15.8659	-0.876045
                }
                {VolumeView "wheelr2.ply"}
            }
            {Bone "fxtracel2"
                {Matrix34
                    -0.966322	0.00160446	0.257331
                    0	-0.999981	0.00608509
                    0.26031	0.006022	0.965507
                    -8.7073	13.4784	-7.00583
                }
            }
            {Bone "fxtracer2"
                {Matrix34
                    -0.966322	0.00160446	0.257331
                    0	-0.999981	0.00608509
                    0.26031	0.006022	0.965507
                    -8.70728	-15.7607	-6.22767
                }
            }
        }
        {Bone "pivot_front"
            {Parameters "ID=body;"}
            {Matrix34
                1	0	0
                0	0.999981	0.00612215
                0	-0.00619804	0.999981
                32.4074	-1.96513	7.06912
            }
            {Bone revolute "steer_l1"
                {Parameters "ID=body;"}
                {Matrix34
                    1	0	0
                    0	-0.999981	0.00608529
                    0	-0.00623709	-0.999981
                    -0.964117	12.3645	0.915589
                }
                {Bone "fxtracel1"
                    {Matrix34
                        -1	0	0
                        0	1	0
                        0	0	-1
                        -8.5208	-2.8611	2.62953
                    }
                }
                {Bone revolute "wheell1"
                    {Parameters "ID=wheelleft1;"}
                    {Matrix34
                        1	0	0
                        0	3.77319e-05	-1
                        0	1	-3.8175e-05
                        0.380194	-3.73198	0.714741
                    }
                    {VolumeView "wheell1.ply"}
                }
            }
            {Bone revolute "steer_r1"
                {Parameters "ID=body;"}
                {Matrix34
                    1	0	0
                    0	-0.999981	0.00608529
                    0	-0.00623709	-0.999981
                    -0.964119	-11.5211	1.06182
                }
                {Bone "fxtracer1"
                    {Matrix34
                        -1	0	0
                        0	1	0
                        0	0	-1
                        -8.4755	2.86882	2.03046
                    }
                }
                {Bone revolute "wheelr1"
                    {Parameters "ID=wheelright1;"}
                    {Matrix34
                        1	0	0
                        0	3.93409e-05	-1
                        0	1	-3.65739e-05
                        0.239208	4.33266	0.713168
                    }
                    {VolumeView "wheelr1.ply"}
                }
            }
        }
        {Bone "emit1"
            {Matrix34
                0	-1	0
                1	0	0
                0	0	1
                10.0843	24.6983	0
            }
        }
        {Bone "emit2"
            {Matrix34
                0	1	0
                -1	0	0
                0	0	1
                10.0843	-29.6519	0
            }
        }
        {Bone "emit3"
            {Matrix34
                0	-1	0
                1	0	0
                0	0	1
                -8.02396	25.2061	0
            }
        }
        {Bone "emit4"
            {Matrix34
                0	1	0
                -1	0	0
                0	0	1
                -8.73644	-29.6519	0
            }
        }
        {Bone "emit5"
            {Position -64.0742	-3.64521	0}
        }
        {Bone "body"
            {Parameters "ID=body;"}
            {Position -0.269772	-1.6843	21.2436}
            {VolumeView "body.ply"}
            {Bone "body_systems"
                {Position 0.0630579	-2.42311	-6.70252}
            }
            {Bone "seat03"
                {Matrix34
                    0.987668	0	0.156561
                    0	1	0
                    -0.156561	0	0.987668
                    12.3529	-7.38356	-10.4359
                }
            }
            {Bone revolute "turret"
                {Limits -45 45}
                {Matrix34
                    -1	0	0
                    -0	-1	-0
                    0	-0	1
                    -28.0473	0.0904077	-6.94493
                }
                {Bone "gunner"
                    {Matrix34
                        0.816722	-0.577028	0.00218709
                        0.577032	0.816717	-0.00305951
                        -2.23515e-05	0.00376078	0.999993
                        2.88508	5.338	-1.1714
                    }
                }
                {Bone "commander"
                    {Matrix34
                        1	0.000662759	1.83177e-05
                        -0.000662915	0.999993	-0.0037608
                        -2.23515e-05	0.00376078	0.999993
                        1.19591	-9.24549	-1.10182
                    }
                }
                {Bone "emit8"
                    {Matrix34
                        -1	0	-0
                        -0	-1	0
                        -0	0	1
                        33.9708	-10.6174	-11.7389
                    }
                }
                {Bone "emit7"
                    {Matrix34
                        -1	0	-0
                        -0	-1	0
                        -0	0	1
                        33.8995	6.9436	-11.7843
                    }
                }
                {Bone "part8"
                    {Parameters "ID=body;"}
                    {Matrix34
                        0.992041	-0.000483923	0.125912
                        0.000964936	0.999992	-0.00375926
                        -0.12591	0.00385083	0.992034
                        -1.05041	0.081729	-0.945592
                    }
                    {VolumeView "part8.ply"}
                    {Bone "body1"
                        {Parameters "ID=body;"}
                        {Orientation
                            0.534362	0	0.845256
                            -0.845256	0	0.534362
                            0	-1	0
                        }
                        {VolumeView "body1.ply"}
                        {Bone "part1"
                            {Parameters "ID=body;"}
                            {Matrix34
                                0.10649	-0.994314	0
                                0	0	-1
                                0.994314	0.10649	0
                                21.6499	-1.93369	0.0171196
                            }
                            {VolumeView "part7.ply"}
                        }
                        {Bone "foresight1"
                            {Matrix34
                                0.999891	-0.0142764	0.00376872
                                0.00384554	0.00533022	-0.999978
                                0.014258	0.999884	0.00538482
                                36.0201	-0.262115	0.0729532
                            }
                        }
                        {Bone "visor2"
                            {Matrix34
                                0.561827	-0.827254	-0.000379767
                                0.00254025	0.00218356	-0.999994
                                0.827249	0.561826	0.00332812
                                24.0068	-0.272779	-3.26103
                            }
                        }
                        {Bone "handle1"
                            {Matrix34
                                0.561827	-0.827254	-0.000379767
                                0.00254025	0.00218356	-0.999994
                                0.827249	0.561826	0.00332812
                                25.1544	0.507544	-0.289721
                            }
                        }
                        {Bone revolute "handle"
                            {Matrix34
                                -0.0111706	-0.999938	4.07325e-05
                                0.999912	-0.0111681	-0.00717985
                                0.00717746	-3.82129e-05	0.999974
                                19.0412	-1.54947	-0.905303
                            }
                        }
                        {Bone revolute "gun_rot"
                            {Limits -5 15}
                            {Speed 0.01}
                            {Matrix34
                                0.561828	-0.827254	-0.00037991
                                0.827249	0.561826	0.00332779
                                -0.00254007	-0.00218351	0.999994
                                1.93837	-0.0108747	0.0877752
                            }
                        }
                    }
                }
            }
            {Bone "doorl"
                {Parameters "ID=cabin;"}
                {Matrix34
                    0.999981	0	-0.00610481
                    0	1	0
                    -0.00662926	0	0.999978
                    21.0263	17.5971	0.168816
                }
                {VolumeView "doorl.ply"}
            }
            {Bone "doorl1"
                {Parameters "ID=cabin;"}
                {Matrix34
                    0.999981	0	-0.00610481
                    0	1	0
                    -0.00662926	0	0.999978
                    2.89229	16.4386	3.27093
                }
                {VolumeView "doorl1.ply"}
            }
            {Bone "doorr"
                {Parameters "ID=cabin;"}
                {Matrix34
                    0.999981	0	-0.00610481
                    0	1	0
                    -0.00662926	0	0.999978
                    20.3789	-17.3955	2.77862
                }
                {VolumeView "doorr.ply"}
            }
            {Bone "doorr1"
                {Parameters "ID=cabin;"}
                {Matrix34
                    0.999981	0	-0.00610481
                    0	1	0
                    -0.00662926	0	0.999978
                    2.71152	-16.164	3.25991
                }
                {VolumeView "doorr1.ply"}
            }
            {Bone "doorr3"
                {Parameters "ID=cabin;"}
                {Matrix34
                    0.999981	0	-0.00610481
                    0	1	0
                    -0.00662926	0	0.999978
                    -47.6407	0.154944	-7.63302
                }
                {VolumeView "doorr3.ply"}
            }
            {Bone "driver"
                {Matrix34
                    0.959803	0	0.280676
                    0	1	0
                    -0.280676	0	0.959802
                    12.4722	7.70156	-10.5779
                }
            }
            {Bone "enumerator"
                {Matrix34
                    0.993857	-0.000336844	-0.110667
                    -0.000576266	1	7.08733e-05
                    0.0912348	2.16466e-05	0.995829
                    50.0846	-2.72499	-8.91249
                }
                {VolumeView "enumerator.ply"}
            }
            {Bone "fxlight"
                {Matrix34
                    1	0	4.48227e-05
                    0	1	0
                    -4.48227e-05	0	1
                    50.4821	0.212307	-5.25643
                }
            }
            {Bone "fxsmoke1"
                {Matrix34
                    -0.47051	0.569463	0.674041
                    -0.737925	-0.672775	0.0532902
                    0.483825	-0.472318	0.736769
                    -48.2566	6.72706	-12.6104
                }
            }
            {Bone "fxsmoke2"
                {Matrix34
                    -0.47051	0.569464	0.674041
                    -0.737925	-0.672775	0.0532902
                    0.483825	-0.472318	0.736769
                    -48.2566	6.7121	-12.6104
                }
            }
            {Bone "fxstop1"
                {Matrix34
                    -1	0	-4.48227e-05
                    0	-1	0
                    -4.48227e-05	0	1
                    -49.7466	16.4452	-0.204737
                }
            }
            {Bone "fxstop2"
                {Matrix34
                    -1	0	-4.48227e-05
                    0	-1	0
                    -4.48227e-05	0	1
                    -49.7757	-15.6961	-0.963364
                }
            }
            {Bone "headlightl"
                {Matrix34
                    1	0	4.48227e-05
                    0	1	0
                    -4.48227e-05	0	1
                    49.3597	10.9299	-0.957991
                }
            }
            {Bone "headlightr"
                {Matrix34
                    1	0	4.48227e-05
                    0	1	0
                    -4.48227e-05	0	1
                    49.3597	-10.5081	-1.00958
                }
            }
            {Bone "link2"
                {Matrix34
                    -1	0	0
                    0	-1	0
                    0	0	1
                    -50.7332	0.962399	-11.1246
                }
            }
            {Bone "seat01"
                {Matrix34
                    0.959803	0	0.280676
                    0	1	0
                    -0.280676	0	0.959802
                    -3.35499	7.70156	-10.718
                }
            }
            {Bone "seat02"
                {Matrix34
                    0.987668	0	0.156561
                    0	1	0
                    -0.156561	0	0.987668
                    -2.91695	-7.38356	-10.6459
                }
            }
            {Bone "visor1"
                {Matrix34
                    1	0	4.48227e-05
                    0	1	0
                    -4.48227e-05	0	1
                    15.9493	9.18257	9.90718
                }
            }
        }
    }
}
{Volume "body1"
    {Polyhedron "body1.vol"}
    {Bone "body"}
    {Position -4.51978	1.26693	11.9551}
}
{Volume "body2"
    {Polyhedron "body2.vol"}
    {Bone "body"}
    {Position 6.15872	-0.279781	-3.01475}
}
{Volume "driver_panel"
    {Polyhedron "driver_panel.vol"}
    {Bone "body_systems"}
    {Position 14.0747	6.55127	10.5919}
}
{Volume "engine"
    {Polyhedron "engine.vol"}
    {Bone "body_systems"}
    {Position 31.2866	2.06655	5.02807}
}
{Volume "front_wheels"
    {Box 3.44626 55.1378 3.44626}
    {Bone "body_systems"}
    {Matrix34
        0	-1	0
        1	0	0
        0	0	1
        1.10635	6.16617	-6.26429
    }
}
{Volume "fuel_tank_internal_a"
    {Polyhedron "fuel_tank_internal_a.vol"}
    {Bone "body_systems"}
    {Position -26.8156	-10.4152	-1.4867}
}
{Volume "panel_engine_connectors"
    {Polyhedron "panel_engine_connectors.vol"}
    {Bone "body_systems"}
    {Position 11.5433	2.40352	5.47336}
}
{Volume "ppu"
    {Box 6.89252 7.65748 4.75584}
    {Bone "body_systems"}
    {Matrix34
        0	-1	0
        1	0	0
        0	0	1
        24.2307	7.86315	8.08226
    }
}
{Volume "transmission"
    {Polyhedron "transmission.vol"}
    {Bone "body_systems"}
    {Position 23.1947	2.2714	-1.35899}
}
{Volume "wheelleft1"
    {Cylinder 8.85827 4.06084}
    {Bone "wheell1"}
    {Matrix34
        0.807919	0	0
        0	-0.807918	0
        0	0	-0.807918
        -0.11578	0.104902	-2.1725
    }
}
{Volume "wheelleft2"
    {Cylinder 8.85827 4.06084}
    {Bone "wheell2"}
    {Matrix34
        0.807919	0	0
        0	-0.807918	0
        0	0	-0.807918
        0.138222	0.104898	-1.78742
    }
}
{Volume "wheelright1"
    {Cylinder 8.85827 4.06084}
    {Bone "wheelr1"}
    {Matrix34
        0.807918	0	0
        0	-0.807918	0
        0	0	-0.807918
        0.0252075	0.103618	1.72215
    }
}
{Volume "wheelright2"
    {Cylinder 8.85827 4.06084}
    {Bone "wheelr2"}
    {Matrix34
        0.807918	0	0
        0	-0.807918	0
        0	0	-0.807918
        -1.18893	0.103618	2.21031
    }
}
