;Exported by: GANS
;Date:        Mon Dec 10 07:54:03 2018
;File:        G:\Niva\niva2121.max
{Skeleton
	{animation
		{sequence "start"}
		{sequence "stop"}
		{sequence "doorleft"}
		{sequence "doorright"}
	}
	{bone "basis"
		{parameters "Wheelradius=0.37;SteerMax=35;"}
		{Orientation
			1	0	0
			0	-1	0
			0	0	1
		}
		{bone "steer_body_anm"
			{parameters "ID=body;"}
			{Matrix34
				0	0	1
				0	-1	0
				1	0	0
				-0.905512	0	10.315
			}
			{bone "body"
				{parameters "ID=body;"}
				{animation
					{sequence "repair" {file "body_r.anm"}}
				}
				{Orientation
					0	0	1
					0	-1	0
					1	0	0
				}
				{VolumeView "body.ply"}
				{bone "doorr"
					{parameters "ID=body;"}
					{Position 11.2426	-16.4827	5.75446}
					{VolumeView "doorr.ply"}
					{bone "window3"
						{parameters "ID=window3;"}
						{Position -10.3159	3.92933	11.4923}
						{VolumeView "window3.ply"}
					}
				}
				{bone "doorl"
					{parameters "ID=body;"}
					{Position 11.2057	16.4768	5.74384}
					{VolumeView "doorl.ply"}
					{bone "window2"
						{parameters "ID=window2;"}
						{Position -10.4263	-3.96067	11.4989}
						{VolumeView "window2.ply"}
					}
				}
				{bone "bodyback"
					{parameters "ID=bodyback;"}
					{animation
						{sequence "repair" {file "bodyback_r.anm"}}
					}
					{Position -27.9519	-0.00252461	22.9837}
					{VolumeView "bodyback.ply"}
					{bone "window6"
						{parameters "ID=window6;"}
						{Position -3.03466	0.000825167	-4.97569}
						{VolumeView "window6.ply"}
					}
				}
				{bone "engine"
					{parameters "ID=engine;"}
					{animation
						{sequence "repair" {file "engine_r.anm"}}
					}
					{Position 34.8765	0	8.32504}
					{VolumeView "engine.ply"}
				}
				{bone "window4"
					{parameters "ID=window4;"}
					{Position -17.4233	13.7356	17.4417}
					{VolumeView "window4.ply"}
				}
				{bone "window5"
					{parameters "ID=window5;"}
					{Position -17.405	-13.7927	17.5068}
					{VolumeView "window5.ply"}
				}
				{bone "window1"
					{parameters "ID=window1;"}
					{Position 9.42013	2.52724e-005	17.4123}
					{VolumeView "window1.ply"}
				}
				{bone "window10"
					{parameters "ID=window10;"}
					{Position 34.7683	12.024	4.24537}
					{VolumeView "window10.ply"}
					{bone "headlightl"
						{Matrix34
							0.996195	0	-0.0871557
							0	1	0
							0.0871557	0	0.996195
							0.264244	-0.120355	0.0360155
						}
					}
				}
				{bone "window9"
					{parameters "ID=window9;"}
					{Position 34.7683	-12.0239	4.24536}
					{VolumeView "window9.ply"}
					{bone "headlightr"
						{Matrix34
							0.996195	0	-0.0871557
							0	1	0
							0.0871557	0	0.996195
							0.264236	-0.0292902	0.0360136
						}
					}
				}
				{bone "window7"
					{parameters "ID=window7;"}
					{Position -35.6125	8.81993	6.84607}
					{VolumeView "window7.ply"}
					{bone "fxstop1"
						{Position 0.221443	0.641908	0.00757599}
					}
				}
				{bone "window8"
					{parameters "ID=window8;"}
					{Position -35.6125	-8.81993	6.84607}
					{VolumeView "window8.ply"}
					{bone "fxstop2"
						{Position 0.221428	-0.624888	0.00757217}
					}
				}
				{bone "bamp2"
					{parameters "ID=body;"}
					{Position -34.2918	0	3.21286}
					{VolumeView "bamp2.ply"}
				}
				{bone "bamp1"
					{parameters "ID=body;"}
					{Position 34.6166	2.47955e-005	0.0829144}
					{VolumeView "bamp1.ply"}
				}
				{bone "seat01"
					{Matrix34
						0.931688	0	0.363261
						0	1	0
						-0.363261	0	0.931688
						4.58766	-8.61924	-4.03141
					}
				}
				{bone "driver"
					{Matrix34
						0.970265	0	0.242046
						0	1	0
						-0.242046	0	0.970265
						3.38047	7.5766	-5.40717
					}
				}
				{bone "commander"
					{Matrix34
						0.931688	0	0.363261
						0	1	0
						-0.363261	0	0.931688
						-11.553	-0.453784	-2.42897
					}
				}
				{bone "ram1"
					{parameters "ID=body;"}
					{Position -0.603973	0.640825	11.0854}
					{VolumeView "ram1.ply"}
				}
				{bone "ram2"
					{parameters "ID=body;"}
					{Position 23.2552	0	6.11574}
					{VolumeView "ram2.ply"}
				}
				{bone "detail1"
					{parameters "ID=body;"}
					{Position 20.9852	8.46432	9.08611}
					{VolumeView "detail1.ply"}
				}
				{bone "fxsmoke2"
					{Matrix34
						-0.999586	0.0287184	0.00185348
						-0.0287185	-0.999588	0
						0.00185268	-5.31411e-005	0.999998
						-36.8429	12.0969	0.0522013
					}
				}
				{bone "fxsmoke1"
					{Matrix34
						-0.999586	0.0287184	0.00185348
						-0.0287185	-0.999588	0
						0.00185268	-5.31411e-005	0.999998
						-37.0624	12.502	0.0522013
					}
				}
				{bone "fxlight"
					{Matrix34
						0.996195	0	-0.0871557
						0	1	0
						0.0871557	0	0.996195
						4.88689	-2.6167e-005	23.0522
					}
				}
				{bone "visor"
					{Position 4.42696	-2.59308e-005	22.992}
				}
				{bone "fxfire1"
					{Position 18.7055	-2.03145e-005	6.31957}
				}
				{bone "fxfire2"
					{Position 9.49255	0	2.66902}
				}
				{bone "fxsteam"
					{Matrix34
						0.258819	0	0.965926
						0	1	0
						-0.965926	0	0.258819
						34.7282	-1.44857e-005	3.93973
					}
				}
			}
		}
		{bone "pivot_front"
			{parameters "ID=body;"}
			{Position 23.1596	0	6.88976}
			{bone revolute "steer_r1"
				{parameters "ID=body;"}
				{Matrix34
					1	0	0
					0	-1	0
					0	0	-1
					0	-14.4488	0
				}
				{bone "fxtracer1"
					{Matrix34
						-0.996195	0	-0.0871557
						0	1	0
						0.0871557	0	-0.996195
						-0.14782	0	7.18504
					}
				}
				{bone revolute "wheelr1"
					{parameters "ID=wheelright1;"}
					{Matrix34
						1	0	0
						0	0	1
						0	-1	0
						-0.174679	0	0.075964
					}
					{VolumeView "wheelr1.ply"}
				}
			}
			{bone revolute "steer_l1"
				{parameters "ID=body;"}
				{Matrix34
					1	0	0
					0	-1	0
					0	0	-1
					0	14.9213	0
				}
				{bone "fxtracel1"
					{Matrix34
						-0.996195	0	-0.0871557
						0	1	0
						0.0871557	0	-0.996195
						-0.14782	0	7.18504
					}
				}
				{bone revolute "wheell1"
					{parameters "ID=wheelleft1;"}
					{Matrix34
						1	0	0
						0	0	1
						0	-1	0
						-0.14782	0	-0.00683594
					}
					{VolumeView "wheell1.ply"}
				}
			}
		}
		{bone "pivot_back"
			{parameters "ID=body;"}
			{Position -22.0669	0	6.88976}
			{bone revolute "spring_r2"
				{parameters "ID=body;"}
				{Position -0.266071	-13.4252	0}
				{bone "fxtracer2"
					{Matrix34
						-0.996195	0	0.0871557
						0	-1	0
						0.0871557	0	0.996195
						0.266071	-1.04331	-7.18504
					}
				}
				{bone revolute "wheelr2"
					{parameters "ID=wheelright2;"}
					{Matrix34
						1	0	0
						0	0	-1
						0	1	0
						0.266071	-1.04331	0
					}
					{VolumeView "wheelr2.ply"}
				}
			}
			{bone revolute "spring_l2"
				{parameters "ID=body;"}
				{Position -0.266071	13.2874	0}
				{bone "fxtracel2"
					{Matrix34
						-0.996195	0	0.0871557
						0	-1	0
						0.0871557	0	0.996195
						0.35009	1.63386	-7.18504
					}
				}
				{bone revolute "wheell2"
					{parameters "ID=wheelleft2;"}
					{Matrix34
						1	0	0
						0	0	-1
						0	1	0
						0.266071	1.63386	0
					}
					{VolumeView "wheell2.ply"}
				}
			}
		}
		{bone "emit1"
			{Matrix34
				0	-1	0
				1	0	0
				0	0	1
				-9.1927	30.5709	0
			}
		}
		{bone "emit2"
			{Matrix34
				0	1	0
				-1	0	0
				0	0	1
				-9.1927	-30.5709	0
			}
		}
	}
}
{Volume "bamp1"
	{Box 4.99731 34.2161 2.65465}
	{Bone "bamp1"}
	{Position 0.324322	0.109773	0.0873585}
}
{Volume "bamp2"
	{Box 5.24717 31.4788 2.65465}
	{Bone "bamp2"}
	{Position -1.00431	0.109797	0.0270147}
}
{Volume "body1"
	{Polyhedron "body1.vol"}
	{Bone "body"}
	{Position -9.90677	0.273232	-2.71649}
}
{Volume "body2"
	{Polyhedron "body2.vol"}
	{Bone "body"}
	{Position 20.3933	0.273232	-3.10923}
}
{Volume "bodyback"
	{Box 1.52684 23.1552 14.9943}
	{Bone "bodyback"}
	{Matrix34
		0.858742	0	-0.512407
		0	1	0
		0.512407	0	0.858742
		-3.42502	0.302095	-6.79642
	}
}
{Volume "doorl"
	{Polyhedron "doorl.vol"}
	{Bone "doorl"}
	{Matrix34
		1	0	0
		0	0.997219	0.0745267
		0	-0.0745267	0.997219
		-9.92536	-1.14462	-5.53248
	}
}
{Volume "doorr"
	{Polyhedron "doorr.vol"}
	{Bone "doorr"}
	{Matrix34
		1	0	0
		0	0.996647	-0.0818263
		0	0.0818263	0.996647
		-9.96218	1.18756	-5.54311
	}
}
{Volume "engine"
	{Box 19.7941 31.5934 3.45296}
	{Bone "engine"}
	{Matrix34
		0.993159	0	-0.11677
		0	1	0
		0.11677	0	0.993159
		-10.1148	0.0016458	2.44581
	}
}
{Volume "wheelleft1"
	{Cylinder 7.2905 3.95025}
	{Bone "wheell1"}
	{Position 0	0.00683594	0}
}
{Volume "wheelleft2"
	{Cylinder 7.29045 3.95015}
	{Bone "wheell2"}
	{Position 0	0.00683594	0}
}
{Volume "wheelright1"
	{Cylinder 7.29045 3.9503}
	{Bone "wheelr1"}
	{Matrix34
		1	0	0
		0	-1	0
		0	0	-1
		0	-0.0759616	0.0765023
	}
}
{Volume "wheelright2"
	{Cylinder 7.29045 3.9503}
	{Bone "wheelr2"}
	{Matrix34
		1	0	0
		0	-1	0
		0	0	-1
		0	0	0
	}
}
{Volume "window10"
	{Box 4.37542 3.97612 4.57947}
	{Bone "window10"}
	{Position 0.412476	-0.311128	0.211202}
}
{Volume "window1"
	{Box 3.96311 25.1551 10.2862}
	{Bone "window1"}
	{Matrix34
		0.841465	0	0.540312
		0	1	0
		-0.540312	0	0.841465
		0.369696	0.458605	-0.0560536
	}
}
{Volume "window2"
	{Box 8.10263 3.78678 7.76181}
	{Bone "window2"}
	{Position -1.71231	3.01752	-0.333351}
}
{Volume "window3"
	{Box 8.10263 3.78678 7.76181}
	{Bone "window3"}
	{Position -1.85951	-2.73677	-0.337327}
}
{Volume "window4"
	{Box 8.10263 3.78678 6.98563}
	{Bone "window4"}
	{Position 0.348324	1.79807	0.132649}
}
{Volume "window5"
	{Box 8.10263 3.78678 6.98563}
	{Bone "window5"}
	{Position 0.330048	-1.49741	0.0675471}
}
{Volume "window6"
	{Box 4.04237 21.8849 8.64044}
	{Bone "window6"}
	{Matrix34
		0.806464	0	-0.591283
		0	1	0
		0.591283	0	0.806464
		-0.926718	0.46033	0.0187871
	}
}
{Volume "window7"
	{Box 4.02539 6.08347 3.02245}
	{Bone "window7"}
	{Position -0.904388	0.499718	0.13996}
}
{Volume "window8"
	{Box 4.02539 6.08347 3.02245}
	{Bone "window8"}
	{Position -0.904388	-0.317771	0.139961}
}
{Volume "window9"
	{Box 4.37542 3.97612 4.57947}
	{Bone "window9"}
	{Position 0.412476	-0.203236	0.211202}
}
