;Exported by: Андрей
;Date:        Tue Apr 26 15:15:36 2016
;File:        G:\Модели все\Модели к 1.6.1\T-55A\Т-55 МАХ2009.max
{Skeleton
	{animation
		{sequence "start" {speed 0.9}}
		{sequence "stop" {speed 0.9}}
		{sequence "fire"}
		{sequence "open1" {speed 0.3} {resume}}
		{sequence "open12" {speed 0.3} {resume}}
		{sequence "open2" {speed 0.3} {resume}}
		{sequence "open_driver" {speed 0.05} {resume}}
	}
	{bone revolute "basis" {limits -0 0}
		{parameters "Wheelradius=0.4;"}
		{Orientation
			1	0	0
			0	-1	0
			0	0	1
		}
		{bone "emit1"
			{Matrix34
				0	-1	0
				1	0	0
				0	0	1
				20.681	43.8494	0
			}
		}
		{bone "emit2"
			{Matrix34
				0	1	0
				-1	0	0
				0	0	1
				20.681	-48.7292	0
			}
		}
		{bone "emit0"
			{Matrix34
				-1	0	0
				0	-1	0
				0	0	1
				67.7265	12.6863	0
			}
		}
		{bone "fxtracel2"
			{Matrix34
				-1	0	0
				0	0	1
				0	1	0
				-38.5963	27.4107	0.203505
			}
		}
		{bone "fxtracel1"
			{Matrix34
				-1	0	0
				0	0	1
				0	1	0
				37.9811	27.4107	0.203503
			}
		}
		{bone "fxtracer2"
			{Matrix34
				-1	0	0
				0	0	1
				0	1	0
				-38.5963	-27.3684	0.203506
			}
		}
		{bone "fxtracer1"
			{Matrix34
				-1	0	0
				0	0	1
				0	1	0
				37.9811	-27.3684	0.203506
			}
		}
		{bone "wheelsr"
			{parameters "ID=trackright;"}
			{Matrix34
				0	1	0
				0	0	1
				1	0	0
				-7.00635	-21.2824	10.3127
			}
			{bone revolute "wheelr4"
				{parameters "ID=trackright;"}
				{Matrix34
					0	0	-1
					1.08478e-005	1	0
					1	-1.08484e-005	0
					-5.86767	-0.578321	3.43217
				}
				{VolumeView "wheelr4.ply"}
			}
			{bone revolute "wheelr6"
				{parameters "ID=trackright;"}
				{Matrix34
					0	0	-1
					1.08478e-005	1	0
					1	-1.08484e-005	0
					-5.86893	-0.534357	-30.8929
				}
				{VolumeView "wheelr6.ply"}
			}
			{bone revolute "wheelr2"
				{parameters "ID=trackright;"}
				{Matrix34
					0	0	-1
					1.08478e-005	1	0
					1	-1.08484e-005	0
					-5.86622	-0.63039	44.0712
				}
				{VolumeView "wheelr2.ply"}
			}
			{bone revolute "wheelr3"
				{parameters "ID=trackright;"}
				{Matrix34
					0	0	-1
					1.08478e-005	1	0
					1	-1.08484e-005	0
					-5.86709	-0.600444	20.7031
				}
				{VolumeView "wheelr3.ply"}
			}
			{bone revolute "wheelr5"
				{parameters "ID=trackright;"}
				{Matrix34
					0	0	-1
					1.08478e-005	1	0
					1	-1.08484e-005	0
					-5.8683	-0.556337	-13.7318
				}
				{VolumeView "wheelr5.ply"}
			}
			{bone "trackr"
				{parameters "ID=trackright;"}
				{Matrix34
					0.0838783	0	0.996476
					0.995893	0	-0.090543
					0	1	0
					-6.15392	2.38889	7.00756
				}
				{VolumeView "trackr.ply"}
			}
		}
		{bone "wheelsl"
			{parameters "ID=trackleft;"}
			{Matrix34
				0	1	0
				0	0	1
				1	0	0
				-7.00636	21.3086	10.3127
			}
			{bone revolute "wheell2"
				{parameters "ID=trackleft;"}
				{Matrix34
					0	0	-1
					1.08478e-005	1	0
					1	-1.08484e-005	0
					5.83174	-0.742998	42.0092
				}
				{VolumeView "wheell2.ply"}
			}
			{bone revolute "wheell3"
				{parameters "ID=trackleft;"}
				{Matrix34
					0	0	-1
					1.08478e-005	1	0
					1	-1.08484e-005	0
					5.83092	-0.713058	18.6412
				}
				{VolumeView "wheell3.ply"}
			}
			{bone revolute "wheell4"
				{parameters "ID=trackleft;"}
				{Matrix34
					0	0	-1
					1.08478e-005	1	0
					1	-1.08484e-005	0
					5.83029	-0.690947	1.37026
				}
				{VolumeView "wheell4.ply"}
			}
			{bone revolute "wheell5"
				{parameters "ID=trackleft;"}
				{Matrix34
					0	0	-1
					1.08478e-005	1	0
					1	-1.08484e-005	0
					5.82967	-0.668957	-15.7937
				}
				{VolumeView "wheell5.ply"}
			}
			{bone revolute "wheell6"
				{parameters "ID=trackleft;"}
				{Matrix34
					0	0	-1
					1.08478e-005	1	0
					1	-1.08484e-005	0
					5.82906	-0.646972	-32.9548
				}
				{VolumeView "wheell6.ply"}
			}
			{bone "trackl"
				{parameters "ID=trackleft;"}
				{Matrix34
					0.0838783	0	0.996476
					0.995893	0	-0.090543
					0	1	0
					5.59423	2.38886	7.00765
				}
				{VolumeView "trackl.ply"}
			}
		}
		{bone "body"
			{parameters "ID=body;"}
			{Matrix34
				0.0314182	0.999506	0
				-0.00174985	5.72703e-005	0.999998
				0.999505	-0.0314182	0.00175078
				-6.69425	4.12978	19.3321
			}
			{VolumeView "body.ply"}
			{bone "visor1"
				{Matrix34
					0.0314182	-0.00174996	0.999505
					0	0.999998	0.0017509
					-0.999506	-5.73596e-005	0.0314181
					8.29186	10.7857	42.9927
				}
			}
			{bone "headlightl"
				{Matrix34
					0.0314182	-0.00174996	0.999505
					0	0.999998	0.0017509
					-0.999506	-5.73596e-005	0.0314181
					-7.58522	8.22402	51.777
				}
			}
			{bone "fxsmoke1"
				{Matrix34
					0.995704	-0.0870946	-0.0314441
					-0.0314103	0.00175888	-0.999505
					0.0871068	0.996198	-0.000984346
					28.5487	5.90005	-27.476
				}
			}
			{bone "fxsmoke2"
				{Matrix34
					0.995704	-0.0870946	-0.0314441
					-0.0314103	0.00175888	-0.999505
					0.0871068	0.996198	-0.000984346
					28.6427	5.8948	-24.4851
				}
			}
			{bone "fxsmoke3"
				{Matrix34
					0.995704	-0.0870946	-0.0314441
					-0.0314103	0.00175888	-0.999505
					0.0871068	0.996198	-0.000984346
					28.5974	5.89733	-25.9254
				}
			}
			{bone "door_front"
				{Position 14.1764	9.50789	30.8735}
				{VolumeView "door_front.ply"}
			}
			{bone "detail2"
				{Position 6.19945	13.4728	-61.0491}
				{VolumeView "detail2.ply"}
			}
			{bone "detail3"
				{Position -18.6111	13.5233	-60.268}
				{VolumeView "detail3.ply"}
			}
			{bone "detail4"
				{Position -5.88249	4.06344	-60.3801}
				{VolumeView "detail4.ply"}
			}
			{bone revolute "turret"
					{parameters "ID=turret;"}

					{Matrix34
						-0.0314112	0.00175384	-0.999505
						-0.999507	-4.73856e-005	0.0314112
						0	0.999998	0.00175447
						-3.86813	13.2915	3.09595
					}
					{VolumeView "turret.ply"}
					{bone "ammo_box2"
						{Position -25.7868	-1.29298	-2.22752}
						{VolumeView "ammo_box2.ply"}
					}

					{bone "shell_cover"
						{Matrix34
							0	-0.942693	0.33366
							1	0	0
							0	0.33366	0.942693
							3.33078	13.6457	5.59703
						}
						{VolumeView "shell_cover.ply"}
					}
					{bone "gun_brezent"
						{parameters "CommonMesh;ID=gun;"}
						{Position 0.0304032	-23.2497	-1.83691}
						{VolumeView "gun_brezent.ply"}
					}
					{bone "pu_tucha"
						{parameters "ID=turret;"}
						{Position 1.81751	10.8444	9.10741}
						{VolumeView "pu_tucha.ply"}
						{bone "foresight21"
							{Matrix34
								0	-0.807107	0.707107
								1	0	0
								0	0.707107	0.707107
								26.4944	-15.9235	-5.85893
							}
						}
					}
					{bone "shieldl7"
						{parameters "ID=shield_turret;"}
						{Position 20.9452	10.9873	-1.28565}
						{VolumeView "shieldl7.ply"}
						{bone "detail_skatka2"
							{Matrix34
								0.377079	0.243093	0.89371
								-0.751164	-0.484222	0.448645
								0.541816	-0.840497	1.2524e-05
								-7.26159	8.52905	4.84853
							}
							{VolumeView "detail_skatka2.ply"}
						}
						{bone "enumerator1"
							{Matrix34
								-0.533753	0.845641	-1.23694e-05
								0.410851	0.259334	0.874041
								0.739128	0.466516	-0.485853
								4.46246	1.72995	-1.2344
							}
							{VolumeView "number1.ply"}
						}
						{bone "taktical_sing2"
							{Matrix34
								-0.533752	0.845641	-1.24064e-05
								0.410851	0.259334	0.874041
								0.739128	0.466516	-0.485853
								-0.221756	9.07028	-1.21695
							}
							{VolumeView "taktical_sing2.ply"}
						}
					}
					{bone "shieldl10"
						{parameters "ID=shield_turret;"}
						{Position -0.625762	27.2162	0.647873}
						{VolumeView "shieldl10.ply"}
						{bone "ammo_box"
							{Position -12.1969	-1.02612	0.153324}
							{VolumeView "ammo_box.ply"}
						}
						{bone "detail_opvt"
							{parameters "ID=shield_turret;"}
							{Position 0	0	1.52588e-05}
							{VolumeView "detail_opvt.ply"}
						}
						{bone "enumerator2"
							{Matrix34
								-0.999991	0.00431599	-1.23685e-05
								0.00208613	0.485848	0.874041
								0.00377836	0.874032	-0.485853
								-0.652475	2.85945	-1.02884
							}
							{VolumeView "number4.ply"}
						}
					}
					{bone "meteodatchik_72"
						{Position 3.16781	12.489	9.6814}
						{VolumeView "meteodatchik_72.ply"}
						{bone "fxstop3"
							{Matrix34
								0	1	0
								0	0	1
								1	0	0
								2.72984	6.17912	-0.596233
							}
						}
					}
					{bone "shieldl8"
						{parameters "ID=shield_turret;"}
						{Position -20.7199	11.2999	-1.28584}
						{VolumeView "shieldl8.ply"}
						{bone "detail_skatka"
							{Matrix34
								0.552415	0.83357	1.28746e-05
								-0.83357	0.552415	-1.95503e-05
								-2.34087e-05	0	1
								-3.31531	4.16338	3.71307
							}
							{VolumeView "detail_skatka.ply"}
						}
						{bone "enumerator3"
							{Matrix34
								-0.514484	-0.8575	-1.19209e-05
								-0.416654	0.249973	0.874021
								-0.74947	0.449675	-0.485888
								-4.89911	1.36702	-1.2945
							}
							{VolumeView "number1.ply"}
						}
						{bone "taktical_sing"
							{Matrix34
								-0.514484	-0.8575	-1.19507e-05
								-0.416654	0.249973	0.874021
								-0.74947	0.449675	-0.485888
								-0.392042	9.11316	-1.05673
							}
							{VolumeView "taktical_sing.ply"}
						}
					}
					{bone "luna"
						{Position -8.80541	-17.744	0.277225}
						{VolumeView "luna.ply"}
						{bone "taktical_sing4"
							{Matrix34
								1	0	2.3365e-05
								-2.3365e-05	0	1
								0	-1	0
								-1.77263	-11.5108	-2.48129
							}
							{VolumeView "taktical_sing4.ply"}
						}
					}
					{bone "visor1"
						{Matrix34
							0	-1	0
							0	0	1
							-1	0	0
							13.9196	-4.45295	6.36849
						}
					}
					{bone "visor3"
						{Matrix34
							0	-1	0
							0	0	1
							-1	0	0
							8.53282	-12.2925	4.1616
						}
					}
					{bone revolute "gun_rot"
						{limits -5 15}
						{speed 0.01}
						{Matrix34
							0	-1	0
							0	0	1
							-1	0	0
							0.0195905	-19.2047	-2.53635
						}
						{bone "gun"
							{parameters "ID=gun;"}
							{Matrix34
								0	0	-1
								-1	0	0
								0	1	0
								54.8552	-0.00540161	-0.0108713
							}
							{LODView
								{VolumeView "gun.ply"}
								{VolumeView "gun_lod1.ply"}
							}
							{bone "foresight1"
								{Matrix34
									0	-1	0
									0	0	1
									-1	0	0
									-0.0219076	-44.5073	0.00624466
								}
							}
						}
						{bone "sh_gun_72b"
							{Matrix34
								0	0	-1
								-1	0	0
								0	1	0
								6.01162	3.99619	-0.0484776
							}
							{VolumeView "sh_gun_72b.ply"}
							{bone "d_a1"
								{Matrix34
									0	-0.173651	0.984807
									0	0.984807	0.173651
									-1	0	0
									-0.0231123	2.36679	2.28208
								}
								{VolumeView "d_a1.ply"}
							}
						}
					}
					{bone revolute "mgun"
						{parameters "ID=mgun_pkt;"}
						{limits -5 15}
						{speed 0.01}
						{Matrix34
							0	-1	0
							0	0	1
							-1	0	0
							-6.89984	-23.0376	-3.41402
						}
						{VolumeView "mgun.ply"}
						{bone "foresight5"
							{Position 2.9976	0.0106335	0.00703144}
						}
					}
					{bone revolute "mgun_turret"
						{parameters "ID=mgun_turret;"}
						{Position -11.7822	5.73644	7.88485}
						{LODView
							{VolumeView "mgun_turret.ply"}
							{VolumeView "mgun_turret_lod1.ply"}
						}
						{bone revolute "mgun_rot"
							{parameters "ID=mgun;"}
							{limits -10 40}
							{speed 0.01}
							{Matrix34
								0	1	0
								0	0	1
								1	0	0
								14.95	9.81673	1.42949
							}
							{LODView
								{VolumeView "mgun_rot.ply"}
								{VolumeView "mgun_rot_lod1.ply"}
							}
							{bone "nsvt"
								{Matrix34
									1	0	0
									0	0	-1
									0	1	0
									7.28831	3.53247	-14.4389
								}
								{LODView
									{VolumeView "nsvt.ply"}
									{VolumeView "nsvt_lod1.ply"}
								}
								{bone "foresight3"
									{Position 29.1272	0.35736	0.308041}
								}
								{bone "fxshell"
								    {Matrix34
										0	1	2.3365e-05
										-1	0	0
										0	-2.3365e-05	1
										-1.90399	1.50794	1.25157
									}
								}
							}
						}
						{bone "fxfire3"
							{Matrix34
								0	0	1
								0	1	0
								-1	0	0
								-0.332752	2.7582	-0.832413
							}
						}
						{bone revolute "visor4"
						    {limits -15 15} 
						    {speed 0.03}
							{Matrix34
								0	-1	0
								0	0	1
								-1	0	0
								-0.0630445	-7.45129	0.415714
							}
							{bone "foresight6"

							}
						}
						{bone "detail_com_shitok"
							{Position 13.5998	5.10795	1.22255}
							{VolumeView "detail_com_shitok.ply"}
						}
						{bone revolute "gunner2"
							{Matrix34
								0	0.999916	0.0129332
								-1	0	0
								0	-0.0129332	0.999916
								-0.37854	2.4701	-19.0377
							}
						}
						{bone "cover"
							{Position -0.816804	-2.21986	0.744701}
							{VolumeView "cover.ply"}
						}
					}
					{bone "antenna"
						{Position -5.83731	20.4111	41.8281}
						{VolumeView "antenna.ply"}
					}
					{bone "turret_systems"
						{Matrix34
							0	-1	0
							1	0	0
							0	0	1
							0.179071	13.2617	4.24072
						}
					}
					{bone "1k13"
						{Position 14.7794	-2.58364	5.81216}
						{VolumeView "1k13.ply"}
						{bone "1k13_sh"
							{Position 2.91525	-1.22107	-0.0031662}
							{VolumeView "1k13_sh.ply"}
						}
					}
					{bone "kreplenie_dz_k1_turret1"
						{Matrix34
							0.499999	-0.809283	-0.308322
							0.866025	0.467245	0.177995
							1.32839e-05	-0.356012	0.934481
							0.206117	-19.3181	-15.6044
						}
						{VolumeView "kreplenie_dz_k1_turret1.ply"}
						{bone "d_a11"
							{Matrix34
								-0.232461	0.74786	-0.621826
								-0.427185	0.495864	0.756064
								0.87377	0.44139	0.204206
								-11.1884	-14.7115	13.8424
							}
							{VolumeView "d_a11.ply"}
						}
						{bone "d_a12"
							{Matrix34
								-0.0865922	0.806494	-0.584867
								-0.367939	0.519676	0.771075
								0.925809	0.281963	0.251742
								-14.423	-15.5989	13.2527
							}
							{VolumeView "d_a12.ply"}
						}
						{bone "d_a13"
							{Matrix34
								-0.0865922	0.806494	-0.584867
								-0.367939	0.519676	0.771075
								0.925809	0.281963	0.251742
								-17.5879	-16.531	12.3707
							}
							{VolumeView "d_a13.ply"}
						}
						{bone "d_a14"
							{Matrix34
								0.0994204	0.841989	-0.530255
								-0.29239	0.53409	0.793256
								0.951117	0.0761733	0.299289
								-20.5808	-17.0385	11.2932
							}
							{VolumeView "d_a14.ply"}
						}
						{bone "d_a15"
							{Matrix34
								0.218997	0.843169	-0.491026
								-0.243825	0.534567	0.809189
								0.94477	-0.0574879	0.322654
								-23.5338	-17.0167	10.3221
							}
							{VolumeView "d_a15.ply"}
						}
						{bone "d_a33"
							{Matrix34
								-0.633773	0.365933	-0.681488
								-0.590182	0.34075	0.73183
								0.500016	0.866016	0
								4.37053	4.51073	14.7522
							}
							{VolumeView "d_a33.ply"}
						}
						{bone "d_a36"
							{Matrix34
								-0.552324	0.177231	-0.814572
								-0.744661	0.334339	0.577665
								0.374721	0.925639	-0.0526864
								6.47616	10.2464	15.2907
							}
							{VolumeView "d_a36.ply"}
						}
						{bone "d_a4"
							{Matrix34
								-0.611725	0.0180818	-0.790864
								-0.768312	0.224495	0.599415
								0.188381	0.974308	-0.123437
								7.08083	13.4033	14.9483
							}
							{VolumeView "d_a4.ply"}
						}
						{bone "d_a5"
							{Matrix34
								-0.632014	-0.201391	-0.748332
								-0.772197	0.0822321	0.63004
								-0.0653501	0.976053	-0.207485
								6.83883	16.6112	14.3471
							}
							{VolumeView "d_a5.ply"}
							{bone "enumerator4"
								{Matrix34
									-0.841446	-0.540261	-0.00923461
									-0.00777541	-0.00497987	0.999957
									-0.540285	0.841482	0
									-1.64096	-0.594172	0.000198722
								}
								{VolumeView "number3_1.ply"}
							}
						}
						{bone "d_a6"
							{Matrix34
								-0.600444	-0.319161	-0.733214
								-0.773748	0.000336871	0.633493
								-0.201941	0.9477	-0.247153
								6.04336	19.5079	13.7809
							}
							{VolumeView "d_a6.ply"}
							{bone "enumerator5"
								{Matrix34
									-0.830609	-0.556851	-0.00228739
									-0.00190567	-0.00126438	0.999997
									-0.556853	0.830611	-1.06101e-05
									-1.70004	-0.702708	0.0110823
								}
								{VolumeView "number3_2.ply"}
							}
						}
						{bone "d_a7"
							{Matrix34
								-0.58774	-0.319125	-0.743452
								-0.783442	-0.00487168	0.621446
								-0.201943	0.9477	-0.247152
								5.02129	22.6548	12.82
							}
							{VolumeView "d_a7.ply"}
							{bone "enumerator6"
								{Matrix34
									-0.821225	-0.5702	-0.021474
									-0.0176443	-0.0122383	0.999769
									-0.570332	0.821415	-1.00367e-05
									-1.88673	-0.767915	0.0599151
								}
								{VolumeView "number3_3.ply"}
							}
						}
						{bone "d_a8"
							{Matrix34
								-0.737924	-0.535091	-0.411272
								-0.441063	0.843618	-0.306225
								0.510814	-0.0445747	-0.858535
								3.40765	26.6577	10.617
							}
							{VolumeView "d_a8.ply"}
						}
					}
					{bone "kreplenie_dz_k1_turret"
						{Position 0.169065	-8.14415	1.48521}
						{VolumeView "kreplenie_dz_k1_turret.ply"}
						{bone "d_a2"
							{Matrix34
								0	0.208974	-0.977921
								2.41372e-05	0.977921	0.208974
								1	-2.32851e-05	0
								-2.46128	-2.46714	4.22259
							}
							{VolumeView "d_a2.ply"}
						}
						{bone "d_a3"
							{Matrix34
								0	0.201881	-0.97941
								2.46044e-05	0.97941	0.201881
								1	-2.40407e-05	0
								21.5179	-3.26669	0.701046
							}
							{VolumeView "d_a3.ply"}
						}
						{bone "d_a130"
							{Matrix34
								0	0.20898	-0.97792
								2.31699e-05	0.97792	0.208981
								1	-2.40709e-05	0
								18.5303	-4.35793	0.764282
							}
							{VolumeView "d_a130.ply"}
						}
						{bone "d_a9"
							{Matrix34
								-0.947104	0.0258049	-0.319889
								-0.318529	0.0460549	0.946793
								0.039165	0.998606	-0.035399
								26.4063	-0.217534	-3.31163
							}
							{VolumeView "d_a9.ply"}
						}
						{bone "d_a40"
							{Matrix34
								0	0.201881	-0.97941
								2.46044e-05	0.97941	0.201881
								1	-2.40407e-05	0
								-2.46011	9.08491	6.51691
							}
							{VolumeView "d_a40.ply"}
						}
						{bone "d_a17"
							{Matrix34
								0	0.208974	-0.977921
								2.41372e-05	0.977921	0.208974
								1	-2.32851e-05	0
								3.48137	-2.46728	4.22255
							}
							{VolumeView "d_a17.ply"}
						}
						{bone "d_a18"
							{Matrix34
								0	0.208974	-0.977921
								2.41372e-05	0.977921	0.208974
								1	-2.32851e-05	0
								0.509078	-2.46721	4.22256
							}
							{VolumeView "d_a18.ply"}
						}
						{bone "d_a19"
							{Matrix34
								0	0.247921	-0.96878
								2.38054e-05	0.96878	0.247921
								1	-2.30736e-05	0
								15.5979	-6.05095	1.45362
							}
							{VolumeView "d_a19.ply"}
						}
						{bone "d_a20"
							{Matrix34
								0	0.208974	-0.977921
								2.41372e-05	0.977921	0.208974
								1	-2.32851e-05	0
								-5.44149	-2.46707	4.22257
							}
							{VolumeView "d_a20.ply"}
						}
						{bone "d_a21"
							{Matrix34
								0	0.374863	-0.92708
								2.24235e-05	0.92708	0.374863
								1	-2.20158e-05	0
								-8.41253	0.898543	4.63847
							}
							{VolumeView "d_a21.ply"}
						}
						{bone "d_a22"
							{Matrix34
								0	0.39413	-0.919055
								2.26098e-05	0.919055	0.39413
								1	-2.18344e-05	0
								-11.4563	0.882793	5.07231
							}
							{VolumeView "d_a22.ply"}
						}
						{bone "d_a23"
							{Matrix34
								0.126041	0.312967	-0.941364
								-0.0415072	0.949764	0.310202
								0.991156	-2.43123e-05	0.1327
								-18.9468	-4.40765	1.02585
							}
							{VolumeView "d_a23.ply"}
						}
						{bone "d_a24"
							{Matrix34
								0.156164	0.38929	-0.907781
								2.3728e-05	0.919055	0.394129
								0.987731	-0.0615697	0.143515
								-14.7323	1.22563	4.2731
							}
							{VolumeView "d_a24.ply"}
						}
						{bone "d_a25"
							{Matrix34
								0.357872	0.36802	-0.85819
								2.30027e-05	0.919055	0.39413
								0.933771	-0.141067	0.328895
								-17.7919	1.62753	3.60429
							}
							{VolumeView "d_a25.ply"}
						}
						{bone "d_a26"
							{Matrix34
								0.382741	0.184185	-0.90531
								0.222167	0.932819	0.283708
								0.896745	-0.309716	0.316108
								-21.0177	2.02221	2.31839
							}
							{VolumeView "d_a26.ply"}
						}
						{bone "d_a27"
							{Matrix34
								0.257753	0.0898789	-0.962021
								0.258401	0.952985	0.158267
								0.931017	-0.289381	0.22241
								-23.8947	3.15055	1.0881
							}
							{VolumeView "d_a27.ply"}
						}
						{bone "d_a28"
							{Matrix34
								0.128303	0.255469	-0.958266
								-0.0338785	0.966817	0.253213
								0.991156	-2.29221e-05	0.132701
								-14.351	-7.45528	1.24707
							}
							{VolumeView "d_a28.ply"}
						}
						{bone "d_a29"
							{Matrix34
								0.123035	0.374833	-0.918892
								-0.0497187	0.927093	0.37152
								0.991156	-2.31638e-05	0.132701
								-11.3657	-8.24777	1.70866
							}
							{VolumeView "d_a29.ply"}
						}
						{bone "d_a30"
							{Matrix34
								0.115518	0.374833	-0.919867
								-0.046679	0.927092	0.371915
								0.992208	-2.37986e-05	0.124593
								-8.33067	-8.34943	2.18779
							}
							{VolumeView "d_a30.ply"}
						}
						{bone "d_a31"
							{Matrix34
								0	0.290844	-0.956771
								2.47108e-05	0.956771	0.290844
								1	-2.4086e-05	0
								12.5457	-8.359	1.44187
							}
							{VolumeView "d_a31.ply"}
						}
						{bone "d_a32"
							{Matrix34
								-0.260097	0.146003	-0.95448
								-0.187665	0.962009	0.198294
								0.94717	0.230699	-0.222816
								20.9776	5.72901	2.67714
							}
							{VolumeView "d_a32.ply"}
						}
						{bone "d_a39"
							{Matrix34
								0	0.425084	-0.905154
								2.36121e-05	0.905154	0.425084
								1	-2.31945e-05	0
								6.35639	-13.0082	1.22618
							}
							{VolumeView "d_a39.ply"}
						}
						{bone "d_a34"
							{Matrix34
								0	0.201881	-0.97941
								2.46044e-05	0.97941	0.201881
								1	-2.40407e-05	0
								0.510258	9.08483	6.51688
							}
							{VolumeView "d_a34.ply"}
						}
						{bone "d_a38"
							{Matrix34
								0	0.201881	-0.97941
								2.46044e-05	0.97941	0.201881
								1	-2.40407e-05	0
								6.51211	4.81012	6.03497
							}
							{VolumeView "d_a38.ply"}
						}
						{bone "d_a37"
							{Matrix34
								0	0.201881	-0.97941
								2.46044e-05	0.97941	0.201881
								1	-2.40407e-05	0
								3.48247	5.89731	6.20002
							}
							{VolumeView "d_a37.ply"}
						}
						{bone "d_a16"
							{Matrix34
								0.965377	0.012053	-0.260579
								-0.0124801	0.999922	1.1935e-05
								0.26056	0.00324076	0.965452
								-26.8774	1.25131	-4.08569
							}
							{VolumeView "d_a16.ply"}
						}
					}
					{bone "gun_recoil"
						{Position 0	-8.66657	-34.2637}
					}
					{bone "antenna_point"
						{Matrix34
							1	0	0
							0	0	1
							0	-1	0
							-5.83659	20.3978	11.007
						}
					}
					{bone "cover2"
						{Matrix34
							0.983959	0	-0.178395
							0	1	0
							0.178395	0	0.983959
							9.04683	3.889	6.44878
						}
						{VolumeView "cover2.ply"}
					}
				}
			{bone "shieldl3"
				{Position -32.0199	3.95517	-27.4574}
				{VolumeView "shieldl3.ply"}
			}
			{bone "shieldl4"
				{Position 23.7161	2.3416	56.5524}
				{VolumeView "shieldl4.ply"}
			}
			{bone "shieldl5"
				{Position 23.3815	7.87499	29.1562}
				{VolumeView "shieldl5.ply"}
			}
			{bone "shieldl6"
				{Position 22.7758	7.39911	-3.4621}
				{VolumeView "shieldl6.ply"}
			}
			{bone "shieldl7"
				{Position 21.4746	4.23481	-44.9969}
				{VolumeView "shieldl7.ply"}
			}
			{bone "shieldl1"
				{Position -28.2924	2.43586	58.251}
				{VolumeView "shieldl1.ply"}
			}
			{bone "shieldl2"
				{Position -30.3258	8.4511	22.7759}
				{VolumeView "shieldl2.ply"}
			}
			{bone revolute "wheell1"
				{parameters "ID=trackleft;"}
				{Matrix34
					-0.0314182	0.00174463	-0.999505
					0	0.999998	0.00174548
					0.999506	5.26827e-005	-0.0314181
					22.682	-3.03515	57.8961
				}
				{VolumeView "wheell1.ply"}
			}
			{bone revolute "wheelr1"
				{parameters "ID=trackright;"}
				{Matrix34
					-0.0314182	0.00174463	-0.999505
					0	0.999998	0.00174548
					0.999506	5.26827e-005	-0.0314181
					-27.2358	-2.92305	59.6044
				}
				{VolumeView "wheelr1.ply"}
			}
			{bone revolute "wheell7"
				{parameters "ID=trackleft;"}
				{Matrix34
					-0.0314182	0.00174462	-0.999505
					0	0.999998	0.00174542
					0.999506	5.26869e-005	-0.0314181
					21.2213	-4.56297	-48.3534
				}
				{VolumeView "wheell7.ply"}
			}
			{bone revolute "wheelr7"
				{parameters "ID=trackright;"}
				{Matrix34
					-0.0314182	0.00174462	-0.999505
					0	0.999998	0.00174542
					0.999506	5.26869e-005	-0.0314181
					-32.4666	-4.45091	-46.6455
				}
				{VolumeView "wheelr7.ply"}
			}
			{bone "fxlight"
				{Matrix34
					0.0314182	-0.00174996	0.999505
					0	0.999998	0.0017509
					-0.999506	-5.73596e-005	0.0314181
					-7.58522	8.22402	51.777
				}
			}
		}
	}
}
{Volume "ammo_storage_main1"
	{Box 21.0315 3.22403 10.0614}
	{Bone "body"}
	{Matrix34
		0.0314182	-0.00175002	0.999505
		0.999507	5.69572e-005	-0.0314181
		0	0.999998	0.00175095
		-22.158	-1.6361	2.39228
	}
}
{Volume "ammo_storage_main3"
	{Box 18.2003 2.14813 5.99847}
	{Bone "turret"}
	{Matrix34
		-1	0	0
		0	-0.906312	-0.422609
		0	-0.42261	0.906312
		1.95087	19.1114	6.3737
	}
}
{Volume "ammo_storage_main4"
	{Box 18.2003 2.36294 7.91798}
	{Bone "turret"}
	{Matrix34
		0	1	0
		-0.906303	0	-0.422629
		-0.422629	0	0.906303
		19.4499	-0.222617	7.52932
	}
}
{Volume "ammo_storage_main"
	{Box 17.8054 15.4143 13.1123}
	{Bone "body"}
	{Matrix34
		0.0314339	-0.00174996	0.999504
		0	0.999998	0.00175089
		-0.999506	-5.76256e-005	0.0314338
		-14.8219	-0.669823	31.0824
	}
}
{Volume "ammo_storage_mgun"
	{Box 2.00339 4.17607 3.8688}
	{Bone "body"}
	{Matrix34
		0.0314182	-0.00175002	0.999505
		0.999507	7.22458e-005	-0.0314181
		-1.70488e-005	0.999998	0.00175143
		-6.75884	2.37414	26.0907
	}
}
{Volume "body1"
	{Polyhedron "body1.vol"}
	{Bone "body"}
	{Matrix34
		0.999507	6.1005e-005	-0.0314112
		-0.0314113	0.00175888	-0.999505
		0	0.999998	0.00175993
		-3.50567	5.17529	4.65106
	}
}
{Volume "charger_place"
	{Box 8.74023 13.8761 20.9653}
	{Bone "turret"}
	{Matrix34
		0	-1	0
		1	0	0
		0	0	1
		1.28185	11.1333	0.128774
	}
}
{Volume "commander_place"
	{Box 11.9259 10.3163 22.8803}
	{Bone "turret"}
	{Matrix34
		0	-1	0
		1	0	0
		0	0	1
		7.38593	-10.7288	1.10641
	}
}
{Volume "commander_triplex"
	{Box 5.22748 4.5092 5.278}
	{Bone "turret"}
	{Matrix34
		0	-1	1.28781e-005
		1	0	0
		0	1.28712e-005	1
		-8.09277	-12.1036	14.131
	}
}
{Volume "driver_panel"
	{Box 1.27694 6.54433 9.6348}
	{Bone "body"}
	{Matrix34
		0.0284686	-0.424204	0.905119
		0.0132727	0.905567	0.423996
		-0.999507	-5.74586e-005	0.0314105
		8.30486	4.66924	40.8133
	}
}
{Volume "driver_place"
	{Box 9.49726 10.2469 16.8442}
	{Bone "body"}
	{Matrix34
		0.0314182	-0.00175002	0.999505
		0.999507	5.69572e-005	-0.0314181
		0	0.999998	0.00175095
		8.14262	0.0560207	35.8276
	}
}
{Volume "driver_triplex"
	{Box 2.2546 1.93537 9.18321}
	{Bone "body"}
	{Matrix34
		0.0314259	-0.00174758	0.999504
		0	0.999998	0.00174835
		-0.999506	-5.18151e-005	0.0314259
		7.17277	10.6644	41.9056
	}
}
{Volume "engine_vol_"
	{Polyhedron "engine_vol_.vol"}
	{Bone "body"}
	{Matrix34
		0.0314182	-0.00174996	0.999505
		0	0.999998	0.0017509
		-0.999506	-5.73596e-005	0.0314181
		-5.27957	-0.169847	-36.5136
	}
}
{Volume "front_wheels"
	{Box 4.54289 4.48646 40.5291}
	{Bone "body"}
	{Matrix34
		0.0314182	-0.00174996	0.999505
		0	0.999998	0.0017509
		-0.999507	-5.74341e-005	0.0314181
		-2.27862	-3.0208	58.6699
	}
}
{Volume "fuel_tank_external_c1"
	{Box 39.1346 11.8117 4.84763}
	{Bone "shieldl3"}
	{Matrix34
		0.0314181	-0.00174992	0.999505
		0.999506	6.73855e-005	-0.0314181
		-1.23654e-005	0.999998	0.00175117
		0.485177	4.15778	1.46543
	}
}
{Volume "fuel_tank_external_c"
	{Box 20.032 11.8117 4.5305}
	{Bone "shieldl2"}
	{Matrix34
		0.0314182	-0.00175002	0.999505
		0.999506	6.46469e-005	-0.0314181
		0	0.999998	0.00175119
		0.767179	0.346497	14.0971
	}
}
{Volume "fuel_tank_internal_a"
	{Polyhedron "fuel_tank_internal_a.vol"}
	{Bone "body"}
	{Matrix34
		0.0314182	-0.00174996	0.999505
		0	0.999998	0.0017509
		-0.999506	-5.73596e-005	0.0314181
		-21.1989	-0.418011	45.4808
	}
}
{Volume "fuel_tank_internal_b"
	{Box 5.53358 38.5106 15.1286}
	{Bone "body"}
	{Matrix34
		0.0314182	-0.00175002	0.999505
		0.999507	5.69572e-005	-0.0314181
		0	0.999998	0.00175095
		-4.92112	0.0805845	-23.627
	}
}
{Volume "gun"
	{Cylinder 2.12575 83.8555}
	{Bone "gun"}
	{Matrix34
		0.999506	5.78699e-005	-0.0314183
		0	0.999998	0.00175083
		0.0314184	-0.00174987	0.999505
		0.377108	-0.167721	-4.21936
	}
}
{Volume "gunner_place"
	{Box 11.9259 14.4428 19.2272}
	{Bone "turret"}
	{Matrix34
		0	-1	0
		1	0	0
		0	0	1
		-7.19001	-10.7289	-0.72011
	}
}
{Volume "mgun"
	{Box 0.743021 0.808813 3.75628}
	{Bone "mgun"}
	{Matrix34
		0	-0.001766	-0.999998
		0.00174728	0.999997	-0.00176604
		0.999999	-0.00174746	0
		1.18882	-0.0162176	0.0134098
	}
}
{Volume "panel_engine_connectors"
	{Box 2.96275 1.55192 76.5025}
	{Bone "body"}
	{Matrix34
		0.999507	5.71922e-005	-0.0314026
		0	0.999998	0.00175095
		0.0314027	-0.00175001	0.999505
		7.88882	-9.00896	4.95545
	}
}
{Volume "ppu"
	{Box 17.4379 4.34537 10.26}
	{Bone "body"}
	{Matrix34
		0.0314182	-0.00175002	0.999505
		0.999507	7.22607e-005	-0.0314181
		-1.71084e-005	0.999998	0.00175143
		-6.81125	-3.18603	34.51
	}
}
{Volume "ring_armor"
	{Cylinder 21.2205 3.21302}
	{Bone "body"}
	{Matrix34
		0.999506	5.62438e-005	-0.0314189
		-0.0314189	0.00174997	-0.999505
		0	0.999999	0.00175087
		-4.02544	10.9481	2.56762
	}
}
{Volume "shieldl1"
	{Polyhedron "shieldl1.vol"}
	{Bone "shieldl1"}
	{Matrix34
		0.0314181	-0.00174993	0.999505
		0.999506	5.40933e-005	-0.0314181
		0	0.999998	0.00175077
		-1.05978	3.30641	3.90346
	}
}
{Volume "shieldl2"
	{Box 49.237 13.0925 0.9776}
	{Bone "shieldl2"}
	{Matrix34
		0.0314181	-0.00174992	0.999505
		0.999507	5.41488e-005	-0.0314182
		0	0.999998	0.00175078
		-0.217678	-2.59581	0.888775
	}
}
{Volume "shieldl3"
	{Box 60.0451 13.0925 0.9776}
	{Bone "shieldl3"}
	{Matrix34
		0.0314181	-0.00175002	0.999505
		0.999507	5.70738e-005	-0.0314181
		0	0.999998	0.00175095
		-0.136388	1.98999	-0.184371
	}
}
{Volume "shieldl4"
	{Polyhedron "shieldl4.vol"}
	{Bone "shieldl4"}
	{Matrix34
		0.0314181	-0.00174993	0.999505
		0.999506	5.40933e-005	-0.0314181
		0	0.999998	0.00175077
		0.726336	3.40375	3.91112
	}
}
{Volume "shieldl5"
	{Box 33.7132 13.0925 0.9776}
	{Bone "shieldl5"}
	{Matrix34
		0.0314181	-0.00174992	0.999505
		0.999507	5.41488e-005	-0.0314182
		0	0.999998	0.00175078
		0.0862871	-2.02969	0.301217
	}
}
{Volume "shieldl6"
	{Box 33.7132 13.0925 0.9776}
	{Bone "shieldl6"}
	{Matrix34
		0.0314181	-0.00174992	0.999505
		0.999507	5.41488e-005	-0.0314182
		0	0.999998	0.00175078
		-0.37189	-1.49455	-0.926348
	}
}
{Volume "shieldl7"
	{Box 28.3191 13.0925 0.9776}
	{Bone "shieldl7"}
	{Matrix34
		0.0314181	-0.00174992	0.999505
		0.999507	5.41488e-005	-0.0314182
		0	0.999998	0.00175078
		-0.354396	1.74125	-0.228575
	}
}
{Volume "stabilizer"
	{Box 22.0265 7.78575 9.17579}
	{Bone "turret"}
	{Matrix34
		1	0	0
		0	1.44964e-005	1
		0	-1	1.45033e-005
		-12.8305	1.16402	6.64554
	}
}
{Volume "trackleft"
	{Polyhedron "trackleft.vol"}
	{Bone "wheelsl"}
	{Matrix34
		1	0	0
		0	1	0
		0	0	1
		5.78988	1.2139	0.000192642
	}
}
{Volume "trackright"
	{Polyhedron "trackright.vol"}
	{Bone "wheelsr"}
	{Matrix34
		1	0	0
		0	1	0
		0	0	1
		-6.0488	1.21397	0.000261784
	}
}
{Volume "transmission"
	{Polyhedron "transmission.vol"}
	{Bone "body"}
	{Matrix34
		-0.031434	0.00174997	-0.999504
		0	0.999998	0.0017509
		0.999506	5.73427e-005	-0.031434
		-5.65661	-1.98852	-48.4877
	}
}
{Volume "turret_move_engine"
	{Box 4.54911 4.38949 3.4385}
	{Bone "turret"}
	{Matrix34
		0	-1	0
		1	0	0
		0	0	1
		-15.7916	-10.3942	2.61092
	}
}
{Volume "turret_ring1"
	{Cylinder 20.1905 2.65075}
	{Bone "turret"}
	{Matrix34
		0	-1	0
		1	0	0
		0	0	1
		0.534168	0.140602	1.0824
	}
}
{Volume "turret_ring"
	{Cylinder 20.1905 2.65075}
	{Bone "body"}
	{Matrix34
		0.999506	5.73153e-005	-0.0314183
		-0.0314184	0.00174993	-0.999505
		0	0.999998	0.00175088
		-4.02543	8.49832	2.56335
	}
}
{Volume "turret"
	{Polyhedron "turret.vol"}
	{Bone "turret"}
	{Matrix34
		-1	-1.46945e-005	0
		1.46946e-005	-1	1.87992e-005
		0	1.87958e-005	1
		-1.60773	-0.512497	8.13627
	}
}
