;Exported by: Timosh
;Date:        Thu Nov  9 19:00:30 2023
;File:        G:\?????? ? Pheonix\??????????????\??????\?????? ? ???????\angar_military ?????????????\angar_military x 25.max
{Skeleton
	{bone "roof_03"
		{Orientation
			1	0	0
			0	-1	0
			0	0	1
		}
		{bone "piece1"
			{Matrix34
				0.996195	0	0.0871557
				0	1	0
				-0.0871557	0	0.996195
				7.00429	0.00747681	122.805
			}
			{VolumeView "piece1.ply"}
		}
		{bone "piece2"
			{Matrix34
				0.996195	0	0.0871557
				0	1	0
				-0.0871557	0	0.996195
				-21.2499	17.6552	121.868
			}
			{VolumeView "piece2.ply"}
		}
		{bone "piece3"
			{Position 6.94188	0.0148621	113.711}
			{VolumeView "piece3.ply"}
		}
		{bone "piece4"
			{Matrix34
				0.996195	0	0.0871557
				0	1	0
				-0.0871557	0	0.996195
				-48.6479	49.475	118.166
			}
			{VolumeView "piece4.ply"}
		}
	}
}
{Volume "piece1"
	{Box 103.478 3.95781 6.78476}
	{Bone "piece1"}
	{Position -0.0635376	0	0.0055542}
}
{Volume "piece2"
	{Box 47.64 51.3815 6.05019}
	{Bone "piece2"}
	{Position 0.000701904	0	0.00351715}
}
{Volume "piece3"
	{Box 104.891 3.97182 2.06441}
	{Bone "piece3"}
	{Position 0	0	0}
}
{Volume "piece4"
	{Box 41.2487 46.5812 5.75246}
	{Bone "piece4"}
	{Position 0.00062561	0	0.00298309}
}
