;Exported by: Timosh
;Date:        Mon Oct 16 12:47:00 2023
;File:        G:\?????? ? Pheonix\??????????????\??????\?????? ? ???????\angar2 ?????????????\angar2d x final 1.max
{Skeleton
	{bone "c13"
		{Orientation
			1	0	0
			0	-1	0
			0	0	1
		}
		{bone "piece1"
			{Position -22.184	-25.5743	142.06}
			{VolumeView "piece1.ply"}
		}
		{bone "piece2"
			{Matrix34
				0.999984	0.00567186	-0.000686971
				0.00571331	-0.992725	0.120265
				0	-0.120267	-0.992742
				16.6315	38.9574	97.3638
			}
			{VolumeView "piece2.ply"}
		}
		{bone "piece3"
			{Position -7.94949	14.1306	137.258}
			{VolumeView "piece3.ply"}
		}
		{bone "piece4"
			{Position 23.1239	19.0284	136.665}
			{VolumeView "piece4.ply"}
		}
		{bone "piece5"
			{Position 15.6375	-19.8802	141.378}
			{VolumeView "piece5.ply"}
		}
		{bone "piece6"
			{Matrix34
				0.999984	0.00567186	-0.000686971
				0.00571331	-0.992725	0.120265
				0	-0.120267	-0.992742
				-4.61679	-21.2283	132.852
			}
			{VolumeView "piece6.ply"}
		}
		{bone "piece7"
			{Matrix34
				0.999984	0.00567186	-0.000686971
				0.00571331	-0.992725	0.120265
				0	-0.120267	-0.992742
				-16.8027	41.5636	49.7514
			}
			{VolumeView "piece7.ply"}
		}
		{bone "piece8"
			{Matrix34
				0.999984	0.00567186	-0.000686971
				0.00571331	-0.992725	0.120265
				0	-0.120267	-0.992742
				30.6139	41.5169	117.516
			}
			{VolumeView "piece8.ply"}
		}
		{bone "piece9"
			{Matrix34
				0.999984	0.00567186	-0.000686971
				0.00571331	-0.992725	0.120265
				0	-0.120267	-0.992742
				-21.9871	41.6122	20.762
			}
			{VolumeView "piece9.ply"}
		}
		{bone "piece10"
			{Matrix34
				0.999984	0.00567186	-0.000686971
				0.00571331	-0.992725	0.120265
				0	-0.120267	-0.992742
				-11.0761	32.3208	114.157
			}
			{VolumeView "piece10.ply"}
		}
		{bone "piece11"
			{Matrix34
				0.999984	0.00567186	-0.000686971
				0.00571331	-0.992725	0.120265
				0	-0.120267	-0.992742
				-15.0185	41.5602	79.5094
			}
			{VolumeView "piece11.ply"}
		}
		{bone "piece12"
			{Position -33.6179	30.903	135.272}
			{VolumeView "piece12.ply"}
		}
		{bone "piece13"
			{Position -32.2816	6.60287	138.166}
			{VolumeView "piece13.ply"}
		}
		{bone "piece14"
			{Matrix34
				0.999984	0.00567186	-0.000686971
				0.00571331	-0.992725	0.120265
				0	-0.120267	-0.992742
				20.6478	38.3138	63.8235
			}
			{VolumeView "piece14.ply"}
		}
		{bone "piece15"
			{Matrix34
				0.999984	0.00567186	-0.000686971
				0.00571331	-0.992725	0.120265
				0	-0.120267	-0.992742
				21.2698	38.5923	20.2736
			}
			{VolumeView "piece15.ply"}
		}
	}
}
{Volume "piece10"
	{Box 55.115 5.5236 44.5292}
	{Bone "piece10"}
	{Matrix34
		0.999984	0.00571331	0
		0.00567184	-0.992725	-0.120267
		-0.000687122	0.120265	-0.992741
		0.0512604	-8.97218	-1.08695
	}
}
{Volume "piece11"
	{Box 22.3627 9.90269 26.0521}
	{Bone "piece11"}
	{Matrix34
		0.999984	0.00571331	0
		0.00567184	-0.992725	-0.120267
		-0.000687122	0.120265	-0.992741
		0	4.6134e-05	1.81198e-05
	}
}
{Volume "piece12"
	{Box 21.091 28.2553 4.58655}
	{Bone "piece12"}
}
{Volume "piece13"
	{Box 21.0119 23.3286 4.08986}
	{Bone "piece13"}
	{Position 0	0	0}
}
{Volume "piece14"
	{Box 57.2456 6.05668 51.2998}
	{Bone "piece14"}
	{Matrix34
		0.999984	0.00571331	0
		0.00567184	-0.992725	-0.120267
		-0.000687122	0.120265	-0.992741
		0.0187829	-3.28161	-0.397551
	}
}
{Volume "piece15"
	{Box 50.0538 8.61527 46.5457}
	{Bone "piece15"}
	{Matrix34
		0.999984	0.00571331	0
		0.00567184	-0.992725	-0.120267
		-0.000687122	0.120265	-0.992741
		0.00636283	-1.10678	-0.134068
	}
}
{Volume "piece1"
	{Box 22.3897 25.5719 4.40625}
	{Bone "piece1"}
}
{Volume "piece2"
	{Box 30.2529 14.5874 23.8511}
	{Bone "piece2"}
	{Matrix34
		0.999984	0.00571331	0
		0.00567184	-0.992725	-0.120267
		-0.000687122	0.120265	-0.992741
		1.49328e-05	1.8239e-05	2.09808e-05
	}
}
{Volume "piece3"
	{Box 23.1821 31.5469 5.07571}
	{Bone "piece3"}
	{Position 0	0	-1.52588e-05}
}
{Volume "piece4"
	{Box 20.1421 26.9605 4.51778}
	{Bone "piece4"}
	{Position 0	0	-2.28882e-05}
}
{Volume "piece5"
	{Box 43.1204 52.1346 7.60811}
	{Bone "piece5"}
	{Position 0	0	3.8147e-05}
}
{Volume "piece6"
	{Box 78.775 48.7684 21.1971}
	{Bone "piece6"}
	{Matrix34
		0.999984	0.00571331	0
		0.00567184	-0.992725	-0.120267
		-0.000687122	0.120265	-0.992741
		0	0	2.19345e-05
	}
}
{Volume "piece7"
	{Box 17.8045 11.3537 32.1751}
	{Bone "piece7"}
	{Matrix34
		0.999984	0.00571331	0
		0.00567184	-0.992725	-0.120267
		-0.000687122	0.120265	-0.992741
		0	1.45435e-05	0
	}
}
{Volume "piece8"
	{Box 27.5139 8.31502 18.8308}
	{Bone "piece8"}
	{Matrix34
		0.999984	0.00571331	0
		0.00567184	-0.992725	-0.120267
		-0.000687122	0.120265	-0.992741
		1.54716e-05	1.49012e-05	0
	}
}
{Volume "piece9"
	{Box 27.2339 8.58957 20.1746}
	{Bone "piece9"}
	{Matrix34
		0.999984	0.00571331	0
		0.00567184	-0.992725	-0.120267
		-0.000687122	0.120265	-0.992741
		0	2.70605e-05	0
	}
}
