;Exported by: USER
;Date:        Sun Dec 04 15:11:05 2016
;File:        C:\Users\USER\Desktop\kraz_benza1.max
{Skeleton
	{animation
		{sequence "start" {speed 0.6}}
		{sequence "stop" {speed 0.6}}
		{sequence "doorleft" {speed 0.2}}
		{sequence "doorright" {speed 0.2}}
	}
	{bone "basis"
		{parameters "Wheelradius=0.6;SteerMax=30;"}
		{Orientation
			1	0	0
			0	-1	0
			0	0	1
		}
		{bone "body"
			{parameters "ID=Body;"}
			{Position 12.4002	-2.51346	30.3384}
			{VolumeView "body.ply"}
			{bone "cabin"
				{parameters "ID=cabin;"}
				{Position 49.1979	-0.0314758	8.13103}
				{VolumeView "cabin.ply"}
				{bone "door_r"
					{parameters "ID=cabin;"}
					{Position -6.10053	-20.3263	0.26215}
					{VolumeView "door_r.ply"}
					{bone "window5"
						{parameters "ID=window5;"}
						{Matrix34
							-0.00355331	0.999994	0
							-0.999994	-0.00355331	0
							0	0	1
							-7.52502	2.1358	2.18851
						}
						{VolumeView "window5.ply"}
					}
				}
				{bone "door_l"
					{parameters "ID=cabin;"}
					{Position -6.79548	19.6139	-1.09323}
					{VolumeView "door_l.ply"}
					{bone "window4"
						{parameters "ID=window4;"}
						{Matrix34
							0.00355339	-0.999994	0
							0.999994	0.00355339	0
							0	0	1
							-6.95935	-1.41514	3.54388
						}
						{VolumeView "window4.ply"}
					}
				}
				{bone "engine"
					{parameters "ID=engine;"}
					{Position 13.2219	-0.0207467	-1.28333}
					{VolumeView "engine.ply"}
					{bone "fxfire1"
						{Matrix34
							-0.00355331	0.999994	0
							-0.999994	-0.00355331	0
							0	0	1
							-3.68681	1.53394	-1.39203
						}
					}
				}
				{bone "window2"
					{parameters "ID=window2;"}
					{Matrix34
						-0.0754199	0.996792	-0.0267898
						-0.965197	-0.0797236	-0.249077
						-0.250414	0.00707207	0.968113
						-1.83616	8.85009	2.71419
					}
					{VolumeView "window2.ply"}
				}
				{bone "window1"
					{parameters "ID=window1;"}
					{Matrix34
						0.0460782	0.998911	0.00725597
						-0.966734	0.046421	-0.251536
						-0.251599	0.00457573	0.967821
						-1.9539	-8.87895	2.23219
					}
					{VolumeView "window1.ply"}
				}
				{bone "window3"
					{parameters "ID=window3;"}
					{Matrix34
						-0.00355331	0.999994	0
						-0.999994	-0.00355331	0
						0	0	1
						-23.8636	-0.0197895	4.98656
					}
					{VolumeView "window3.ply"}
				}
				{bone "driver"
					{Matrix34
						0.999963	0.000303496	-0.00861207
						-0.000463785	0.999827	-0.0186163
						0.00860492	0.0186197	0.99979
						-15.5982	10.3472	-12.9632
					}
				}
				{bone "commander"
					{Matrix34
						0.999963	0.000303495	-0.00861206
						0.000123963	0.99877	0.0495909
						0.00861652	-0.0495901	0.998733
						-15.5239	-10.5629	-12.7113
					}
				}
			}
			{bone "kuzov"
				{parameters "ID=Kuzov;"}
				{Position -33.8791	-0.00825715	-1.67035}
				{VolumeView "kuzov.ply"}
				{bone "fuel"
					{parameters "ID=body;"}
					{Matrix34
						0.0526525	0.998555	0.0107243
						-0.994528	0.0534044	-0.0897876
						-0.0902306	-0.00593812	0.995903
						-2.2963	-0.360967	17.4481
					}
					{VolumeView "fuel.ply"}
					{bone "fxfire2"
						{Matrix34
							0.998362	0.056938	-0.00561746
							-0.0562003	0.994332	0.0902511
							0.0107243	-0.0897876	0.995903
							1.32015	2.43502	-10.1592
						}
					}
				}
			}
			{bone "bak1"
				{parameters "ID=fuel;"}
				{Position 7.11944	17.9272	-12.7617}
				{VolumeView "bak1.ply"}
			}
			{bone "bak2"
				{parameters "ID=fuel;"}
				{Position -0.782014	16.4246	-14.9129}
				{VolumeView "bak2.ply"}
			}
			{bone "detail2"
				{parameters "ID=body;"}
				{Position 16.4816	-11.6268	4.35691}
				{VolumeView "detail2.ply"}
			}
			{bone "bak3"
				{parameters "ID=Fuel;"}
				{Position 1.16775	-17.8467	-12.1258}
				{VolumeView "bak3.ply"}
			}
			{bone "visor"
				{Matrix34
					0.999995	-0.00306713	0
					0.00306713	0.999995	0
					0	0	1
					47.0418	11.8116	15.4832
				}
			}
			{bone "headlightl"
				{Matrix34
					0.999995	-0.00306713	0
					0.00306713	0.999995	0
					0	0	1
					77.5606	16.0399	-9.99204
				}
			}
			{bone "headlightr"
				{Matrix34
					0.999995	-0.00306713	0
					0.00306713	0.999995	0
					0	0	1
					77.674	-15.8942	-9.8249
				}
			}
			{bone "fxlight"
				{Matrix34
					0.999999	-0.00131178	0
					0.00131178	0.999999	0
					0	0	1
					79.7182	-0.347399	-9.4162
				}
			}
			{bone "fxstop1"
				{Matrix34
					-0.00355331	0.999994	0
					-0.999994	-0.00355331	0
					0	0	1
					-76.6559	23.2868	-9.27579
				}
			}
			{bone "fxstop2"
				{Matrix34
					-0.00355331	0.999994	0
					-0.999994	-0.00355331	0
					0	0	1
					-76.492	-22.8558	-9.27579
				}
			}
			{bone "fxsmoke1"
				{Matrix34
					-0.00355331	0.999994	0
					-0.999994	-0.00355331	0
					0	0	1
					-76.2628	-9.59705	-15.6395
				}
			}
			{bone "link2"
				{Matrix34
					-0.999994	-0.00355323	0
					0.00355323	-0.999994	0
					0	0	1
					-81.4484	0.289562	-14.9449
				}
			}
			{bone "attach1"
				{Matrix34
					0.702568	0.708858	0.0625959
					-0.678837	0.693997	-0.239892
					-0.213491	0.126048	0.96878
					24.5156	11.7315	3.84569
				}
			}
		}
		{bone "pivot_front"
			{parameters "ID=body;"}
			{Matrix34
				-0.00355331	0.999994	0
				-0.999994	-0.00355331	0
				0	0	1
				68.4843	-2.94701	11.96
			}
			{VolumeView "pivot_front.ply"}
			{bone revolute "steer_l1"
				{parameters "ID=body;"}
				{Matrix34
					-0.00112836	-0.999999	0
					-0.999999	0.00112836	0
					0	0	-1
					15.4606	1.24358	-0.740342
				}
				{bone revolute "wheell1"
					{parameters "ID=wheelleft1;"}
					{Matrix34
						0	0	-1
						0.999999	0.00153818	0
						0.00153818	-0.999999	0
						1.45018	-4.60464	-0.321947
					}
					{VolumeView "wheell1.ply"}
					{bone "fxtracel1"
						{Matrix34
							0.000143708	0.999994	0.00338849
							0.00434647	0.00338783	-0.999985
							-0.999991	0.000158398	-0.00434596
							10.8977	-0.697227	-0.573671
						}
					}
				}
			}
			{bone revolute "steer_r1"
				{parameters "ID=body;"}
				{Matrix34
					-0.00112836	-0.999999	0
					-0.999999	0.00112836	0
					0	0	-1
					-14.0219	1.24358	-0.740342
				}
				{bone revolute "wheelr1"
					{parameters "ID=wheelright1;"}
					{Matrix34
						0	0	-1
						0.999997	0.00255098	0
						0.00255098	-0.999997	0
						1.34217	5.00042	-0.321957
					}
					{VolumeView "wheelr1.ply"}
					{bone "fxtracer1"
						{Matrix34
							0.000174187	0.999994	0.00348957
							0.00162004	0.00348929	-0.999993
							-0.999999	0.000179879	-0.00161941
							10.8977	0.290192	0.685173
						}
					}
				}
			}
		}
		{bone "pivot_back"
			{parameters "ID=body;"}
			{Position -14.7011	-0.93264	10.6664}
			{VolumeView "pivot_back.ply"}
			{bone revolute "spring_l"
				{parameters "ID=body;"}
				{Matrix34
					-0.00355378	0.999994	0
					-0.999994	-0.00355378	0
					0	0	1
					6.39073	10.0367	-1.24068
				}
				{bone revolute "wheell3"
					{parameters "ID=wheelleft3;"}
					{Matrix34
						0	0	1
						-0.00581515	-0.999983	0
						0.999983	-0.00581515	0
						8.59881	28.756	1.47205
					}
					{VolumeView "wheell3.ply"}
					{bone "fxtracel3"
						{Matrix34
							2.08407e-005	0.99999	0.00440373
							3.07802e-005	-0.00440373	0.99999
							1	-2.03574e-005	-3.07698e-005
							-10.8977	-3.04323	-0.965269
						}
					}
				}
				{bone revolute "wheell2"
					{parameters "ID=wheelleft2;"}
					{Matrix34
						0	0	1
						-0.00581515	-0.999983	0
						0.999983	-0.00581515	0
						8.51778	5.95322	1.47208
					}
					{VolumeView "wheell2.ply"}
					{bone "fxtracel2"
						{Matrix34
							2.06667e-005	0.99999	0.00440373
							0.00077891	-0.00440374	0.99999
							1	-1.72365e-005	-0.000778951
							-10.8978	-1.18593	-0.87343
						}
					}
				}
			}
			{bone revolute "spring_r"
				{parameters "ID=body;"}
				{Matrix34
					-0.00355378	0.999994	0
					-0.999994	-0.00355378	0
					0	0	1
					6.47502	-13.6836	-0.95664
				}
				{bone revolute "wheelr3"
					{parameters "ID=wheelright3;"}
					{Matrix34
						0	0	1
						-0.00581515	-0.999983	0
						0.999983	-0.00581515	0
						-7.43299	28.8972	1.188
					}
					{VolumeView "wheelr3.ply"}
					{bone "fxtracer3"
						{Matrix34
							0	0.99999	0.00440388
							0.000902114	-0.00440387	0.99999
							1	0	-0.000902106
							-10.8977	-2.90589	-0.294529
						}
					}
				}
				{bone revolute "wheelr2"
					{parameters "ID=wheelright2;"}
					{Matrix34
						0	0	1
						-0.00581515	-0.999983	0
						0.999983	-0.00581515	0
						-7.51404	6.09446	1.18804
					}
					{VolumeView "wheelr2.ply"}
					{bone "fxtracer2"
						{Matrix34
							2.06667e-005	0.99999	0.00440373
							0.00077891	-0.00440374	0.99999
							1	-1.72365e-005	-0.000778951
							-10.8978	0.713243	-0.192438
						}
					}
				}
			}
		}
		{bone "emit2"
			{Matrix34
				-0.00355331	0.999994	0
				-0.999994	-0.00355331	0
				0	0	1
				38.1706	-38.9887	0
			}
			{visibility 0}
		}
		{bone "emit1"
			{Matrix34
				0.00355387	-0.999994	0
				0.999994	0.00355387	0
				0	0	1
				40.0347	36.4232	0
			}
			{visibility 0}
		}
	}
}
{Volume "body"
	{Box 21.4651 136.076 7.18762}
	{Bone "body"}
	{Matrix34
		-0.00373098	1.05	0
		-1.05	-0.00373098	0
		0	0	1.05
		0.928168	0.415625	-10.9611
	}
}
{Volume "body1"
	{Box 17.9963 9.01822 12.7819}
	{Bone "body"}
	{Matrix34
		-0.00373098	1.05	0
		-1.05	-0.00373098	0
		0	0	1.05
		16.4225	14.0718	-0.315446
	}
}
{Volume "bodyb3"
	{Box 48.2749 1.061 9.38976}
	{Bone "kuzov"}
	{Matrix34
		-0.00373098	1.05	0
		-1.05	-0.00373098	0
		0	0	1.05
		43.3446	0.182148	0.222348
	}
}
{Volume "bodyb4"
	{Box 46.9102 83.375 0.827479}
	{Bone "kuzov"}
	{Matrix34
		-0.00373098	1.05	0
		-1.05	-0.00373098	0
		0	0	1.05
		0.0765591	0.0435259	-4.33292
	}
}
{Volume "cabin"
	{Box 35.3382 19.3007 3.58579}
	{Bone "cabin"}
	{Matrix34
		-0.00373085	1.05	0
		-1.04756	-0.00372221	0.0714428
		0.0714423	0.000253854	1.04757
		-13.9233	0.100337	13.9622
	}
}
{Volume "cabin2"
	{Box 39.6642 3.90375 19.8942}
	{Bone "cabin"}
	{Matrix34
		-0.00373098	1.05	0
		-1.05	-0.00373098	0
		0	0	1.05
		-23.4223	0.124342	-5.08121
	}
}
{Volume "cabin3"
	{Box 7.90052 2.23294 6.85192}
	{Bone "cabin"}
	{Matrix34
		-0.00373098	1.05	0
		-1.05	-0.00373098	0
		0	0	1.05
		-23.6626	15.1524	9.07306
	}
}
{Volume "cabin4"
	{Box 7.90052 2.23294 6.85192}
	{Bone "cabin"}
	{Matrix34
		-0.00373098	1.05	0
		-1.05	-0.00373098	0
		0	0	1.05
		-23.5612	-13.395	9.07306
	}
}
{Volume "detail2"
	{Polyhedron "detail2.vol"}
	{Bone "detail2"}
	{Matrix34
		-0.00448051	-0.99999	0
		0	0	1
		-0.99999	0.00448051	0
		0.232986	-0.0948381	0.237103
	}
}
{Volume "door_l"
	{Box 2.01675 13.0145 17.1195}
	{Bone "door_l"}
	{Matrix34
		-0.00511034	1.04999	0
		-1.04999	-0.00511034	0
		0	0	1.05
		-7.45647	-0.119076	-5.54994
	}
}
{Volume "door_r"
	{Box 2.01675 13.0145 17.4877}
	{Bone "door_r"}
	{Matrix34
		-0.00511034	1.04999	0
		-1.04999	-0.00511034	0
		0	0	1.05
		-8.01279	0.807005	-6.71204
	}
}
{Volume "engine"
	{Polyhedron "engine.vol"}
	{Bone "engine"}
	{Matrix34
		-0.00355331	0.999994	0
		-0.997619	-0.00354487	0.0688697
		0.0688693	0.000244719	0.997626
		-4.72042	0.352363	-14.4359
	}
}
{Volume "fuel1"
	{Box 12.4132 14.9754 9.10844}
	{Bone "bak1"}
	{Matrix34
		-0.00373098	1.05	0
		-1.05	-0.00373098	0
		0	0	1.05
		5.21839	0.00415516	0.192271
	}
}
{Volume "fuel2"
	{Box 7.82394 9.95708 7.15447}
	{Bone "bak2"}
	{Matrix34
		-0.00373098	1.05	0
		-1.05	-0.00373098	0
		0	0	1.05
		0.122545	-0.47473	0.0762966
	}
}
{Volume "fuel3"
	{Box 12.8157 14.9769 9.76256}
	{Bone "bak3"}
	{Matrix34
		-0.00373148	1.05	0
		-1.05	-0.00373148	0
		0	0	1.05
		0.157082	0.213148	-0.675196
	}
}
{Volume "fuel"
	{Polyhedron "fuel.vol"}
	{Bone "fuel"}
	{Matrix34
		0.998362	0.0569379	-0.00561747
		-0.0124605	0.120553	-0.992629
		-0.0558409	0.991073	0.121065
		2.60114	-42.5359	-9.18229
	}
}
{Volume "fxlight"
	{Box 2.88892 2.78911 4.18396}
	{Bone "body"}
	{Matrix34
		-0.00373098	1.05	0
		-1.05	-0.00373098	0
		0	0	1.05
		76.3836	-0.946862	1.27899
	}
}
{Volume "headlightl"
	{Box 2.88892 2.78911 4.18396}
	{Bone "body"}
	{Matrix34
		-0.00373098	1.05	0
		-1.05	-0.00373098	0
		0	0	1.05
		76.5479	15.7799	-9.38598
	}
}
{Volume "headlightr"
	{Box 2.88892 2.78911 4.18396}
	{Bone "body"}
	{Matrix34
		-0.00373098	1.05	0
		-1.05	-0.00373098	0
		0	0	1.05
		76.66	-15.7821	-9.38596
	}
}
{Volume "transmission"
	{Box 9.10416 5.98117 2.29246}
	{Bone "engine"}
	{Matrix34
		-0.00373098	1.05	0
		-1.05	-0.00373098	0
		0	0	1.05
		-5.43307	-1.96416	-15.7659
	}
}
{Volume "wheelleft1"
	{Polyhedron "wheelleft1.vol"}
	{Bone "wheell1"}
	{Matrix34
		1	0	0
		0	-0.999999	0.00101486
		0	-0.00101486	-0.999999
		0	1.14441e-005	-1.52588e-005
	}
}
{Volume "wheelleft2"
	{Polyhedron "wheelleft2.vol"}
	{Bone "wheell2"}
	{Position 0	0	0}
}
{Volume "wheelleft3"
	{Polyhedron "wheelleft3.vol"}
	{Bone "wheell3"}
	{Position 2.86102e-005	-1.52588e-005	0}
}
{Volume "wheelright1"
	{Polyhedron "wheelright1.vol"}
	{Bone "wheelr1"}
	{Matrix34
		1	0	0
		0	-1	0.00091377
		0	-0.000913772	-1
		-1.81198e-005	-1.14441e-005	0
	}
}
{Volume "wheelright2"
	{Polyhedron "wheelright2.vol"}
	{Bone "wheelr2"}
	{Position 0	0	0}
}
{Volume "wheelright3"
	{Polyhedron "wheelright3.vol"}
	{Bone "wheelr3"}
	{Position 4.00543e-005	1.52588e-005	-1.71661e-005}
}
{Volume "window1"
	{Polyhedron "window1.vol"}
	{Bone "window1"}
	{Position 0	0	0}
}
{Volume "window2"
	{Polyhedron "window2.vol"}
	{Bone "window2"}
	{Position 0	0	0}
}
{Volume "window3"
	{Box 19.6518 0.067648 5.92814}
	{Bone "window3"}
	{Matrix34
		1.05	0	0
		0	1.05	0
		0	0	1.05
		0	0	3.43515
	}
}
{Volume "window4"
	{Polyhedron "window4.vol"}
	{Bone "window4"}
	{Position 0	0	0}
}
{Volume "window5"
	{Polyhedron "window5.vol"}
	{Bone "window5"}
	{Position 0	0	0}
}
