;Exported by: Timosh
;Date:        Thu Nov  9 19:00:22 2023
;File:        G:\?????? ? Pheonix\??????????????\??????\?????? ? ???????\angar_military ?????????????\angar_military x 25.max
{Skeleton
	{bone "roof_21"
		{Orientation
			1	0	0
			0	-1	0
			0	0	1
		}
		{bone "piece1"
			{Matrix34
				0.996195	0	-0.0871557
				0	1	0
				0.0871557	0	0.996195
				140.941	0.261093	134.761
			}
			{VolumeView "piece1.ply"}
		}
		{bone "piece2"
			{Matrix34
				0.996195	0	0.0871557
				0	1	0
				-0.0871557	0	0.996195
				-33.8077	-49.1978	150.097
			}
			{VolumeView "piece2.ply"}
		}
		{bone "piece3"
			{Matrix34
				0.996195	0	-0.0871557
				0	1	0
				0.0871557	0	0.996195
				97.4266	-50.0825	143.356
			}
			{VolumeView "piece3.ply"}
		}
		{bone "piece4"
			{Matrix34
				0.996195	0	-0.0871557
				0	1	0
				0.0871557	0	0.996195
				60.3826	-14.5088	148.203
			}
			{VolumeView "piece4.ply"}
		}
		{bone "piece5"
			{Position 140.518	0.274277	114.292}
			{VolumeView "piece5.ply"}
		}
		{bone "piece6"
			{Position -43.4911	-0.084137	113.996}
			{VolumeView "piece6.ply"}
		}
		{bone "piece7"
			{Position 51.5445	0.101456	114.148}
			{VolumeView "piece7.ply"}
		}
		{bone "piece8"
			{Matrix34
				0.996195	0	-0.0871557
				0	1	0
				0.0871557	0	0.996195
				116.897	-15.6697	140.768
			}
			{VolumeView "piece8.ply"}
		}
		{bone "piece9"
			{Position -4.19588	-10.5422	153.466}
			{VolumeView "piece9.ply"}
		}
		{bone "piece10"
			{Position 5.9785	0.0572815	57.7577}
			{VolumeView "piece10.ply"}
		}
		{bone "piece11"
			{Matrix34
				0.866025	0	-0.5
				0	1	0
				0.5	0	0.866025
				-24.616	-0.0613861	132.191
			}
			{VolumeView "piece11.ply"}
		}
		{bone "piece12"
			{Matrix34
				0.996195	0	0.0871557
				0	1	0
				-0.0871557	0	0.996195
				-84.4643	-37.3156	143.254
			}
			{VolumeView "piece12.ply"}
		}
		{bone "piece13"
			{Matrix34
				0.996195	0	-0.0871557
				0	1	0
				0.0871557	0	0.996195
				23.7284	-65.1501	153.016
			}
			{VolumeView "piece13.ply"}
		}
		{bone "piece14"
			{Matrix34
				0.866025	0	0.5
				0	1	0
				-0.5	0	0.866025
				36.6956	0.0574188	132.71
			}
			{VolumeView "piece14.ply"}
		}
		{bone "piece15"
			{Matrix34
				0.996195	0	0.0871557
				0	1	0
				-0.0871557	0	0.996195
				-118.435	-56.3956	138.623
			}
			{VolumeView "piece15.ply"}
		}
	}
}
{Volume "piece10"
	{Box 2.07156 3.85513 109.798}
	{Bone "piece10"}
	{Position 0	0	0}
}
{Volume "piece11"
	{Box 50.5183 3.87512 2.04749}
	{Bone "piece11"}
	{Position 0.104279	0	0.776909}
}
{Volume "piece12"
	{Box 46.1849 59.1235 5.96289}
	{Bone "piece12"}
	{Position -0.000324249	0	-0.00411987}
}
{Volume "piece13"
	{Box 68.143 39.2418 9.32516}
	{Bone "piece13"}
	{Position 0.182453	0	0.0192413}
}
{Volume "piece14"
	{Box 48.9695 3.83679 1.923}
	{Bone "piece14"}
	{Position 0.148666	0	0.580063}
}
{Volume "piece15"
	{Box 49.9803 25.9778 6.15884}
	{Bone "piece15"}
	{Position -0.129341	0	0.0191498}
}
{Volume "piece1"
	{Box 116.734 4.01187 7.02679}
	{Bone "piece1"}
	{Position -0.0819397	0	-0.00753784}
}
{Volume "piece2"
	{Box 54.3979 52.7419 6.34808}
	{Bone "piece2"}
	{Position 0.000256538	0	-1.52588e-05}
}
{Volume "piece3"
	{Box 61.9023 39.8549 6.51897}
	{Bone "piece3"}
	{Position 0.0140762	0	0.00849152}
}
{Volume "piece4"
	{Box 61.0615 45.1445 6.43425}
	{Bone "piece4"}
	{Position -0.00505066	0	0.0360031}
}
{Volume "piece5"
	{Box 114.351 3.99481 2.07952}
	{Bone "piece5"}
	{Position 0	0	0}
}
{Volume "piece6"
	{Box 83.2817 3.93295 2.02992}
	{Bone "piece6"}
	{Position 0	0	0}
}
{Volume "piece7"
	{Box 67.1747 3.90224 2.00372}
	{Bone "piece7"}
	{Position 0	0	0}
}
{Volume "piece8"
	{Box 54.1259 47.7022 6.17998}
	{Bone "piece8"}
	{Position 0.164215	0	0.0216141}
}
{Volume "piece9"
	{Box 68.6646 36.9935 11.6365}
	{Bone "piece9"}
	{Position 0	0	1.52588e-05}
}
