;Exported by: GANS_LXVS
;Date:        Sat Mar 12 02:48:16 2016
;File:        D:\model_GANSa\models_STALKER\gaz66\pricep66_xx.max
{Skeleton
	{bone "basis"
		{Orientation
			1	0	0
			0	-1	0
			0	0	1
		}
		{bone "pivot_front"
			{parameters "ID=body;"}
			{Matrix34
				-1	0	0
				0	-1	0
				0	0	1
				-13.9332	1.3249	10.748
			}
			{bone revolute "support1"
				{parameters "ID=body;"}
				{Matrix34
					1	0	0
					0	-1	0
					0	0	-1
					0	-0.826772	0
				}
			}
			{bone revolute "support2"
				{parameters "ID=body;"}
				{Matrix34
					1	0	0
					0	-1	0
					0	0	-1
					0	0.835497	0
				}
			}
		}
		{bone "pivot_back"
			{parameters "ID=body;"}
			{Matrix34
				-1	0	0
				0	-1	0
				0	0	1
				21.2928	1.14382	10.9074
			}
			{VolumeView "pivot_back.ply"}
			{bone revolute "spring_r2"
				{parameters "ID=body;"}
				{Position 0.00630951	-12.7669	-0.159344}
				{bone revolute "part3"
					{parameters "ID=body;"}
					{Matrix34
						-1	0	0
						0	0	-1
						0	-1	0
						0.00168991	-3.33938	0.000741959
					}
					{VolumeView "part3.ply"}
				}
			}
			{bone revolute "spring_l2"
				{parameters "ID=body;"}
				{Position 0.00630951	12.7531	-0.159344}
				{bone revolute "part4"
					{parameters "ID=body;"}
					{Matrix34
						-1	0	0
						0	0	-1
						0	-1	0
						0.0110416	3.5816	0.000741959
					}
					{VolumeView "part4.ply"}
				}
			}
		}
		{bone "body"
			{parameters "ID=body;"}
			{Matrix34
				-0.996336	0	-0.0855233
				-0.0112194	-0.991358	0.130703
				-0.0847842	0.131184	0.987726
				6.85388	1.09393	14.377
			}
			{VolumeView "body.ply"}
			{bone "part5"
				{parameters "ID=body;"}
				{Matrix34
					0.997869	0	-0.0652419
					-0.0126264	0.981094	-0.19312
					0.0640084	0.193533	0.979004
					-16.0006	0.0092752	13.6132
				}
				{VolumeView "part5.ply"}
				{bone "part1"
					{parameters "ID=body;"}
					{Matrix34
						0.98898	0	-0.148051
						0	1	0
						0.148051	0	0.98898
						11.6148	0.7183	14.7481
					}
					{VolumeView "part1.ply"}
				}
			}
			{bone "part2"
				{parameters "ID=body;"}
				{Matrix34
					-0.173648	0	-0.984808
					0	1	0
					0.984808	0	-0.173648
					18.4808	-0.0818501	1.07444
				}
				{VolumeView "part2.ply"}
			}
		}
	}
}
{Volume "body1"
	{Box 33.2155 3.06375 3.48294}
	{Bone "body"}
	{Matrix34
		-0.999243	0	-0.0388933
		0	-1	0
		-0.0388933	0	0.999243
		24.759	-0.0671236	2.17138
	}
}
{Volume "body"
	{Box 48.8463 24.6878 5.44209}
	{Bone "body"}
	{Matrix34
		-0.999243	0	-0.0388933
		0	-1	0
		-0.0388933	0	0.999243
		-15.7172	1.09392	0.612125
	}
}
{Volume "part1"
	{Cylinder 7.20346 1.70997}
	{Bone "part1"}
	{Matrix34
		-1	0	0
		0	-1	0
		0	0	1
		-0.0839806	0.104495	0.132724
	}
}
{Volume "part2"
	{Box 19.9293 1.77698 2.05493}
	{Bone "part2"}
	{Matrix34
		0.379052	0	-0.925375
		0	-1	0
		-0.925375	0	-0.379052
		3.19053	0.014726	-7.55263
	}
}
{Volume "part3"
	{Cylinder 10.8181 7.66075}
	{Bone "part3"}
	{Matrix34
		-1	0	0
		0	-1	0
		0	0	1
		0.00169049	0.000742761	2.14577e-005
	}
}
{Volume "part4"
	{Cylinder 10.8181 7.66075}
	{Bone "part4"}
	{Matrix34
		-1	0	0
		0	1	0
		0	0	-1
		-0.00864468	0	0
	}
}
{Volume "part5"
	{Cylinder 14.6949 46.9771}
	{Bone "part5"}
	{Matrix34
		0	0	1
		0	-1	0
		1	0	0
		-0.0245514	-0.26706	-0.551999
	}
}
