;Exported by: GANS_LXVS
;Date:        Fri Mar 11 17:18:44 2016
;File:        D:\model_GANSa\models_STALKER\gaz66\Gaz66fuel_xx.max
{Skeleton
	{bone "basis"
		{Orientation
			1	0	0
			0	-1	0
			0	0	1
		}
		{bone "pivot_back"
			{parameters "ID=body;"}
			{Position -30.4833	0.327032	11.167}
			{VolumeView "pivot_back.ply"}
			{bone revolute "spring_l2"
				{parameters "ID=body;"}
				{Position 0.148628	13.4069	-0.419004}
				{bone revolute "wheell2"
					{parameters "ID=wheelleft2;"}
					{Matrix34
						1	0	0
						0	0	-1
						0	1	0
						0.00932312	2.78709	0.000743866
					}
					{VolumeView "wheell2.ply"}
				}
			}
			{bone revolute "spring_r2"
				{parameters "ID=body;"}
				{Position 0.148628	-13.2057	-0.419004}
				{bone revolute "wheelr2"
					{parameters "ID=wheelright2;"}
					{Matrix34
						1	0	0
						0	0	-1
						0	1	0
						0	-3.0465	0.000743866
					}
					{VolumeView "wheelr2.ply"}
				}
			}
		}
		{bone "pivot_front"
			{parameters "ID=body;"}
			{Position 36.7952	0.327032	11.1298}
			{VolumeView "pivot_front.ply"}
			{bone revolute "steer_r1"
				{parameters "ID=body;"}
				{Matrix34
					1	0	0
					0	-1	0
					0	0	-1
					-0.082634	-13.2057	-0.381794
				}
				{bone revolute "wheelr1"
					{parameters "ID=wheelright1;"}
					{Matrix34
						1	0	0
						0	0	1
						0	-1	0
						-0.00796509	3.04705	-0.00074482
					}
					{VolumeView "wheelr1.ply"}
				}
			}
			{bone revolute "steer_l1"
				{parameters "ID=body;"}
				{Matrix34
					1	0	0
					0	-1	0
					0	0	-1
					-0.082634	13.4069	-0.381794
				}
				{bone revolute "wheell1"
					{parameters "ID=wheelleft1;"}
					{Matrix34
						1	0	0
						0	0	1
						0	-1	0
						-0.00796509	-2.78125	0
					}
					{VolumeView "wheell1.ply"}
				}
			}
		}
		{bone "body"
			{parameters "ID=body;"}
			{Matrix34
				0.999946	0	-0.0103578
				0	1	0
				0.0103578	0	0.999946
				2.5204	0.259361	13.0006
			}
			{VolumeView "body.ply"}
			{bone "part1"
				{parameters "ID=body;"}
				{Position -0.494275	13.4475	0.791617}
				{VolumeView "part1.ply"}
			}
			{bone "fuel"
				{parameters "ID=body;"}
				{Position -0.494274	-15.0739	0.791617}
				{VolumeView "fuel.ply"}
			}
			{bone "part5"
				{parameters "ID=body;"}
				{Position 15.5705	-0.107155	14.0041}
				{VolumeView "part5.ply"}
			}
			{bone "part2"
				{parameters "ID=body;"}
				{Matrix34
					0.997693	0	-0.0678852
					0	1	0
					0.0678852	0	0.997693
					34.7369	0.0353725	8.93529
				}
				{VolumeView "part2.ply"}
				{bone "engine"
					{parameters "ID=engine;"}
					{Matrix34
						1	0	0
						0	0.989813	-0.142372
						0	0.142372	0.989813
						14.2145	-0.294734	1.39277
					}
				}
			}
			{bone "part4"
				{parameters "ID=body;"}
				{Matrix34
					0.999453	-0.000747274	-0.0330697
					0.000178023	0.999852	-0.0172131
					0.0330777	0.0171977	0.999305
					-22.9319	-1.57171	20.5677
				}
				{VolumeView "part4.ply"}
				{bone "part6"
					{parameters "ID=body;"}
					{Matrix34
						0.999749	0.000384857	-0.0223865
						-0.000385243	1	-1.24406e-005
						0.0223865	2.09697e-005	0.999749
						10.2075	-0.100425	13.3482
					}
					{VolumeView "part6.ply"}
				}
				{bone "part3"
					{parameters "ID=body;"}
					{Matrix34
						0.999986	0.00531189	0.000326175
						-0.00531194	0.99249	0.122207
						0.00032546	-0.122207	0.992505
						-0.595985	1.55319	-12.2271
					}
					{VolumeView "part3.ply"}
				}
			}
		}
	}
}
{Volume "body"
	{Box 100.399 20.2129 6.2299}
	{Bone "body"}
	{Position -1.75455	0.0555992	1.59612}
}
{Volume "cabin1_lod1"
	{Polyhedron "cabin1_lod1.vol"}
	{Bone "part2"}
	{Position -2.60407	0.000541806	8.9643}
}
{Volume "cabin_lod1"
	{Polyhedron "cabin_lod1.vol"}
	{Bone "part2"}
	{Position -0.333405	0.000541806	-6.64868}
}
{Volume "cabin"
	{Polyhedron "cabin.vol"}
	{Bone "part2"}
	{Position -0.333405	0.000541806	-6.64868}
}
{Volume "engine"
	{Box 12.5234 22.3032 11.6682}
	{Bone "engine"}
	{Position -3.55431	0	-0.74654}
}
{Volume "fuel"
	{Box 26.0615 9.85701 8.25605}
	{Bone "fuel"}
	{Position 0.130114	0.757433	-0.74965}
}
{Volume "part1"
	{Box 26.0615 9.85701 8.25605}
	{Bone "part1"}
	{Position 0.130115	1.15499	-0.74965}
}
{Volume "part2"
	{Polyhedron "part2.vol"}
	{Bone "part2"}
	{Position -2.60407	0.000541806	8.9643}
}
{Volume "part3"
	{Box 70.2114 43.5708 6.28409}
	{Bone "part3"}
	{Position 0.556875	-0.0307755	2.61996}
}
{Volume "part4"
	{Polyhedron "part4.vol"}
	{Bone "part4"}
	{Matrix34
		0	0	-1
		0	1	0
		1	0	0
		-9.75686	0.0177004	-1.76254
	}
}
{Volume "part5"
	{Cylinder 10.8685 6.7761}
	{Bone "part5"}
	{Matrix34
		0	0	1
		0	1	0
		-1	0	0
		0.102852	0	0
	}
}
{Volume "part6"
	{Cylinder 8.56839 3.31986}
	{Bone "part6"}
	{Position -0.00370407	1.43951e-005	-0.701701}
}
{Volume "wheelleft1"
	{Cylinder 10.8181 7.66075}
	{Bone "wheell1"}
	{Position 0	0	0.00054121}
}
{Volume "wheelleft2"
	{Cylinder 10.8181 7.66075}
	{Bone "wheell2"}
	{Position -0.00932121	0.00074482	-0.00292873}
}
{Volume "wheelright1"
	{Cylinder 10.8181 7.66075}
	{Bone "wheelr1"}
	{Matrix34
		1	0	0
		0	-1	0
		0	0	-1
		0.0079689	0.000743866	0.000545025
	}
}
{Volume "wheelright2"
	{Cylinder 10.8181 7.66075}
	{Bone "wheelr2"}
	{Matrix34
		1	0	0
		0	-1	0
		0	0	-1
		0	0.000743866	0
	}
}
