;Exported by: Timosh
;Date:        Sun Nov  5 10:02:39 2023
;File:        G:\?????? ? Pheonix\??????????????\??????\??????????\M777\m777_v4  by_Cagyar final.max
{Skeleton
	{animation
		{sequence "recoil" {speed 0.6}}
		{sequence "close"}
	}
	{bone revolute "basis"
		{parameters "Wheelradius=0.5;"}
		{Orientation
			1	0	0
			0	-1	0
			0	0	1
		}
		{bone "body"
			{parameters "ID=body;"}
			{Matrix34
				-1	0	0
				0	-1	0
				0	0	1
				1.24485	0	7.44044
			}
			{VolumeView "body.ply"}
			{bone revolute "turret"
				{parameters "ID=Turret;"}
				{limits -12 12}
				{Position -9.62918	0	-0.431544}
				{VolumeView "turret.ply"}
				{bone "hydraulics_2"
					{parameters "ID=Turret;"}
					{Matrix34
						0.508642	0	-0.860978
						0	1	0
						0.860978	0	0.508642
						2.72797	-2.47955e-05	14.3729
					}
					{VolumeView "hydraulics_2.ply"}
				}
				{bone revolute "gun_rot_helper"
					{limits 0 70}
					{Matrix34
						1	0	0
						0	0	1
						0	-1	0
						4.75615	0	6.06157
					}
					{bone "gun_rot"
						{parameters "ID=gun_rot;"}
						{Matrix34
							0.569632	-0.8219	0
							0.8219	0.569632	0
							0	0	1
							-0.0381174	0.0142231	-0.879961
						}
						{VolumeView "gun_rot.ply"}
						{bone "gun"
							{parameters "ID=gun;"}
							{Matrix34
								0.573577	0.819152	0
								0	0	-1
								-0.819152	0.573577	0
								55.0932	78.1427	0.880069
							}
							{VolumeView "gun.ply"}
							{bone "can_reload"
								{parameters "ID=gun;"}
								{Matrix34
									0.984808	0	-0.173648
									0.173648	0	0.984808
									0	-1	0
									-65.4168	0.374142	4.85341
								}
								{VolumeView "can_reload.ply"}
							}
							{bone "foresight1"
								{Matrix34
									0.999999	0	-0.00169861
									0.00169861	0	0.999999
									0	-1	0
									48.3533	0.000710054	0.287019
								}
							}
							{bone "link1"
								{Matrix34
									0.999999	0	-0.00169861
									0.00169861	0	0.999999
									0	-1	0
									68.223	0.000711136	-3.56618
								}
							}
							{bone "smoke_gun1"
								{Matrix34
									0	0.999999	-0.00169861
									0	0.00169861	0.999999
									1	0	0
									48.3533	2.31657	0.287018
								}
							}
							{bone "smoke_gun2"
								{Matrix34
									0	-0.999999	-0.00169861
									0	-0.00169861	0.999999
									-1	0	0
									48.3533	-2.88475	0.287022
								}
							}
							{bone "fx_invers"
								{Matrix34
									-0.999999	0	-0.00169856
									-0.00169856	0	0.999999
									0	1	0
									-66.3682	0.000710726	0.234911
								}
							}
						}
						{bone "hydraulics_1"
							{parameters "ID=gun_rot;"}
							{Matrix34
								0.999668	-0.025753	0
								0.025753	0.999668	0
								0	0	1
								15.0882	27.3116	0.879972
							}
							{VolumeView "hydraulics_1.ply"}
						}
						{bone "hydraulics_4"
							{Matrix34
								0.999865	-0.0164626	0
								0.0164626	0.999865	0
								0	0	1
								27.507	25.4181	-2.47361
							}
							{VolumeView "hydraulics_4.ply"}
						}
						{bone "rail_1"
							{parameters "ID=gun_rot;"}
							{Matrix34
								1	0	0
								0	0	-1
								0	1	0
								27.5085	25.4121	-9.45403
							}
							{VolumeView "rail_1.ply"}
						}
						{bone "hydraulics_5"
							{parameters "ID=gun_rot;"}
							{Position 0.0359259	0.0183144	-12.0543}
							{VolumeView "hydraulics_5.ply"}
						}
						{bone "loader_holder2"
							{Matrix34
								0.564342	0.823448	0.0587496
								0.304621	-0.141568	-0.941894
								-0.767284	0.549447	-0.330732
								-0.658585	10.155	6.70793
							}
							{VolumeView "loader_holder2.ply"}
						}
						{bone "loader_holder"
							{Matrix34
								0.542314	0.836164	0.0820144
								0.320293	-0.11551	-0.94025
								-0.776729	0.536179	-0.33046
								4.50257	17.2901	6.35398
							}
							{VolumeView "loader_holder.ply"}
						}
						{bone "loader_holder3"
							{Matrix34
								0.567522	0.823312	-0.00875629
								0.273846	-0.198774	-0.941009
								-0.776484	0.531645	-0.338269
								1.72615	10.682	4.59949
							}
							{VolumeView "loader_holder3.ply"}
							{bone "projectile"
								{Matrix34
									0.997774	-0.00761742	0.0662487
									0.00733126	0.999963	0.00457546
									-0.0662813	-0.00407991	0.997793
									-5.07942	1.38319	-0.979892
								}
								{VolumeView "projectile.ply"}
							}
						}
					}
				}
				{bone "hydraulics_3"
					{Matrix34
						-1	0	0
						0	0	1
						0	1	0
						12.9662	0	1.70551
					}
					{VolumeView "hydraulics_3.ply"}
				}
			}
			{bone "part1"
				{parameters "ID=body;"}
				{Matrix34
					0.906308	0.422618	0
					0	0	1
					0.422618	-0.906308	0
					-22.2797	-22.0632	3.22903
				}
				{VolumeView "part1.ply"}
			}
			{bone "part4"
				{parameters "ID=body;"}
				{Position 25.7971	-27.0254	-1.51544}
				{VolumeView "part4.ply"}
			}
			{bone "part2"
				{parameters "ID=body;"}
				{Matrix34
					0.908222	-0.408726	0.0898635
					-0.117573	-0.0431254	0.992127
					-0.401632	-0.911638	-0.0872225
					-22.2797	22.0632	3.22903
				}
				{VolumeView "part2.ply"}
			}
			{bone "part3"
				{parameters "ID=body;"}
				{Matrix34
					0.939693	0.34202	0
					-0.34202	0.939693	0
					0	0	1
					25.7971	27.0254	-1.51544
				}
				{VolumeView "part3.ply"}
			}
			{bone "mounting"
				{parameters "ID=body;"}
				{Matrix34
					1	0	0
					0	0	1
					0	-1	0
					23.0258	0	-3.28516
				}
				{VolumeView "mounting.ply"}
				{bone "piston"
					{parameters "ID=body;"}
					{Position -0.217712	6.61106	0}
					{VolumeView "piston.ply"}
				}
				{bone revolute "wheell"
					{Matrix34
						0	1	0
						-1	0	0
						0	0	1
						13.0327	12.9766	-24.9936
					}
					{bone "part6"
						{parameters "ID=wheelleft;Support=1;Radius=0.4;"}
						{Position 0	-1.14441e-05	0}
						{VolumeView "part6.ply"}
					}
				}
				{bone revolute "wheelr"
					{Matrix34
						0	1	0
						-1	0	0
						0	0	1
						13.0327	12.9766	24.9936
					}
					{bone "part5"
						{parameters "ID=wheelright;Support=1;Radius=0.4;"}
						{Position 0	0	0}
						{VolumeView "part5.ply"}
					}
				}
			}
			{bone "hydraulic_piston"
				{parameters "ID=body;"}
				{Matrix34
					0.99994	0	0.0109696
					-0.0109696	0	0.99994
					0	-1	0
					12.5223	0	4.55492
				}
				{VolumeView "hydraulic_piston.ply"}
			}
			{bone "visor"
				{Position -7.28711	14.097	24.2745}
			}
			{bone "absorber"
				{parameters "ID=body;"}
				{Position -23.3852	-1.90735e-05	-3.27087}
				{VolumeView "absorber.ply"}
			}
			{bone "seat1"
				{Matrix34
					0.20561	0.978622	0.00485085
					-0.978634	0.205609	0.000667484
					-0.000344162	-0.00488444	0.999988
					20.7089	27.7526	-10.9708
				}
			}
			{bone "seat2"
				{Matrix34
					0.125117	-0.992132	0.00452326
					0.992142	0.125117	-0.000273225
					-0.000294862	0.0045219	0.99999
					18.8077	-28.4804	-11.0267
				}
			}
			{bone "seat3"
				{Matrix34
					0.107313	-0.994218	0.0039029
					0.994225	0.107313	-0.000200747
					-0.000219244	0.00390191	0.999992
					-4.37021	-17.3293	-11.834
				}
			}
			{bone "seat4"
				{Matrix34
					0.476697	0.878951	0.0142927
					-0.879062	0.47669	0.0041356
					-0.0031782	-0.0145356	0.999889
					-1.351	15.8181	-11.7392
				}
			}
		}
		{bone "fxtracel"
			{Position -36.2017	-24.7765	0.181988}
		}
		{bone "fxtracer"
			{Position -36.2017	25.3472	0.181988}
		}
		{bone "emit1"
			{Matrix34
				0	1	0
				-1	0	0
				0	0	1
				22.4862	-52.2034	-0.269826
			}
		}
		{bone "emit4"
			{Matrix34
				0	-1	0
				1	0	0
				0	0	1
				62.7754	17.2783	-0.269826
			}
		}
		{bone "emit2"
			{Matrix34
				0	1	0
				-1	0	0
				0	0	1
				54.3574	-14.2334	-0.269826
			}
		}
		{bone "emit3"
			{Matrix34
				0	-1	0
				1	0	0
				0	0	1
				46.7944	2.14725	-0.269826
			}
		}
		{bone "commander"
			{Matrix34
				-0.984808	-0.173648	0
				0.173648	-0.984808	0
				0	0	1
				38.0774	-12.0988	0.686418
			}
		}
		{bone "charger"
			{Matrix34
				-1	0	0
				0	-1	0
				0	0	1
				26.1199	12.2472	-0.269826
			}
		}
		{bone "charger2"
			{Matrix34
				-0.984808	0.173648	0
				-0.173648	-0.984808	0
				0	0	1
				49.2895	12.7506	-0.269826
			}
		}
		{bone "gunner"
			{Matrix34
				-0.5	0.866025	0
				-0.866025	-0.5	0
				0	0	1
				16.1419	-36.037	-0.269826
			}
		}
		{bone "driver1"
			{Position -130.925	-6.7238	-0.269826}
		}
		{bone "driver2"
			{Position -111.135	4.33227	-0.269826}
		}
		{bone "driver3"
			{Position -42.3848	9.5068	-0.269826}
		}
		{bone "driver4"
			{Position -33.239	-13.9658	-0.269826}
		}
	}
}
{Volume "body"
	{Box 44.6021 45.9115 7.34605}
	{Bone "body"}
	{Position -0.533681	-1.36463	-3.35042}
}
{Volume "gun_rot1"
	{Box 25.5126 14.4591 8.35963}
	{Bone "gun_rot"}
	{Matrix34
		-0.574967	-0.818177	0
		-0.818177	0.574967	0
		0	0	-1
		12.6476	20.5089	7.72328
	}
}
{Volume "gun_rot2"
	{Box 25.5126 14.4591 8.35963}
	{Bone "gun_rot"}
	{Matrix34
		-0.574967	-0.818177	0
		-0.818177	0.574967	0
		0	0	-1
		12.6476	20.5089	-7.79085
	}
}
{Volume "gun_rot"
	{Box 46.3866 14.4591 16.3914}
	{Bone "gun_rot"}
	{Matrix34
		-0.574967	-0.818177	0
		-0.818177	0.574967	0
		0	0	-1
		30.5843	46.3891	1.19403
	}
}
{Volume "gun"
	{Cylinder 2.79669 113.079}
	{Bone "gun"}
	{Matrix34
		0	1	0
		0.00169866	0	0.999999
		0.999999	0	-0.00169866
		-10.0563	-0.0146797	0.327903
	}
}
{Volume "part1"
	{Box 28.7482 8.72093 7.28068}
	{Bone "part1"}
	{Matrix34
		0.975386	0.220497	-0.00199835
		-0.00204894	0	-0.999998
		-0.220497	0.975388	0.000451856
		-11.8007	-2.60122	-0.614843
	}
}
{Volume "part2"
	{Box 28.7482 8.72093 7.28068}
	{Bone "part2"}
	{Matrix34
		0.991255	0.13154	-0.010484
		0.0010989	-0.0876759	-0.996149
		-0.131953	0.987426	-0.0870537
		-11.6339	-1.48392	0.957442
	}
}
{Volume "part3"
	{Box 43.5615 8.60222 8.49}
	{Bone "part3"}
	{Matrix34
		0.999987	-0.00503779	0
		0.00503779	0.999987	0
		0	0	1
		15.613	0.0642376	-1.54024
	}
}
{Volume "part4"
	{Box 43.5615 8.60222 8.49}
	{Bone "part4"}
	{Matrix34
		0.942707	-0.333623	0
		0.333623	0.942707	0
		0	0	1
		15.0491	-5.66256	-1.54024
	}
}
{Volume "part5"
	{Cylinder 8.67908 5.33619}
	{Bone "part5"}
	{Matrix34
		-0.683109	0.730316	0
		0.730316	0.683109	0
		0	0	-1
		0.0637897	-0.0680387	-0.0339215
	}
}
{Volume "part6"
	{Cylinder 8.67908 5.33619}
	{Bone "part6"}
	{Matrix34
		-0.683109	0.730316	0
		0.730316	0.683109	0
		0	0	-1
		0.0637812	-0.0680396	-0.0467083
	}
}
{Volume "turret1"
	{Box 22.1999 5.20555 11.4469}
	{Bone "turret"}
	{Position 6.37072	-8.06286	8.67479}
}
{Volume "turret2"
	{Box 22.1999 5.20555 11.4469}
	{Bone "turret"}
	{Position 6.37072	7.70711	8.67479}
}
{Volume "turret"
	{Box 22.1999 23.6616 3.9796}
	{Bone "turret"}
	{Position 6.37072	0.452335	1.80582}
}
