;Exported by: Андрей
;Date:        Thu Aug 27 21:59:52 2015
;File:        G:\Модели все\модели 25.12.14\scenes\Т-64Б\T64 final\Т-64Б.max
{Skeleton
	{animation
		{sequence "start"}
		{sequence "stop"}
		{sequence "fire" {speed 0.7}}
		{sequence "open" {speed 0.5} {resume}}
		{sequence "open1" {speed 0.35} {resume}}
		{sequence "open_driver"  {speed 0.1}{resume}}
	}
	{bone revolute "basis" {limits -0 0}
		{parameters "WheelRadius=0.7;"}
		{Orientation
			1	0	0
			0	-1	0
			0	0	1
		}
		{bone "body"
			{parameters "ID=body;"}
			{Position -1.38101	0.0292719	19.1152}
			{VolumeView "body.ply"}
			{bone revolute "wheelr9"
				{parameters "ID=trackleft;Radius=0.03;"}
				{Matrix34
					-1	0	0
					0	0	-1
					0	1	0
					-30.0965	26.92	1.0235
				}
				{VolumeView "wheelr9.ply"}
			}
			{bone revolute "wheelr9"
				{parameters "ID=trackleft;Radius=0.03;"}
				{Matrix34
					1	0	0
					0	0	-1
					0	-1	0
					-30.0965	26.92	1.0235
				}
				{VolumeView "wheelr9.ply"}
			}
			{bone revolute "wheell9"
				{parameters "ID=trackright;Radius=0.03;"}
				{Matrix34
					1	0	0
					0	0	-1
					0	1	0
					-30.0965	-26.5019	1.0235
				}
				{VolumeView "wheell9.ply"}
			}
			{bone revolute "wheell10"
				{parameters "ID=trackleft;Radius=0.03;"}
				{Matrix34
					1	0	0
					0	0	-1
					0	-1	0
					-3.33014	26.92	1.0235
				}
				{VolumeView "wheell10.ply"}
			}
			{bone revolute "wheelr10"
				{parameters "ID=trackright;Radius=0.03;"}
				{Matrix34
					1	0	0
					0	0	-1
					0	1	0
					-3.33014	-26.5019	1.0235
				}
				{VolumeView "wheelr10.ply"}
			}
			{bone revolute "wheell11"
				{parameters "ID=trackleft;Radius=0.03;"}
				{Matrix34
					1	0	0
					0	0	-1
					0	-1	0
					16.2066	26.92	1.0235
				}
				{VolumeView "wheell11.ply"}
			}
			{bone revolute "wheelr11"
				{parameters "ID=trackright;Radius=0.03;"}
				{Matrix34
					1	0	0
					0	0	-1
					0	1	0
					16.2066	-26.5019	1.0235
				}
				{VolumeView "wheelr11.ply"}
			}
			{bone revolute "wheelr12"
				{parameters "ID=trackright;Radius=0.03;"}
				{Matrix34
					1	0	0
					0	0	-1
					0	1	0
					39.4436	-26.5019	1.0235
				}
				{VolumeView "wheelr12.ply"}
			}
			{bone revolute "wheell12"
				{parameters "ID=trackleft;Radius=0.03;"}
				{Matrix34
					1	0	0
					0	0	-1
					0	-1	0
					39.4436	26.92	1.0235
				}
				{VolumeView "wheell12.ply"}
			}
			{bone revolute "wheell8"
				{parameters "ID=trackleft;Radius=0.28;"}
				{Matrix34
					1	0	0
					0	0	-1
					0	1	0
					-53.2153	28.1309	-3.57494
				}
				{VolumeView "wheell8.ply"}
			}
			{bone revolute "wheelr8"
				{parameters "ID=trackright;Radius=0.28;"}
				{Matrix34
					1	0	0
					0	0	-1
					0	1	0
					-53.1117	-27.811	-3.60355
				}
				{VolumeView "wheelr8.ply"}
			}
			{bone revolute "wheelr1"
				{parameters "ID=trackright;Radius=0.24;"}
				{Matrix34
					1	0	0
					0	0	-1
					0	1	0
					61.6263	-27.7195	-3.27667
				}
				{VolumeView "wheelr1.ply"}
			}
			{bone revolute "wheell1"
				{parameters "ID=trackleft;Radius=0.24;"}
				{Matrix34
					1	0	0
					0	0	-1
					0	1	0
					61.5359	29.149	-3.2547
				}
				{VolumeView "wheell1.ply"}
			}
			{bone "detail1"
				{parameters "ID=body;"}
				{Position -63.3782	-0.26247	2.64536}
				{VolumeView "detail1.ply"}
			}
			{bone "detail2"
				{parameters "ID=body;"}
				{Position -53.8395	21.2823	4.65982}
				{VolumeView "detail2.ply"}
			}
			{bone "detail3"
				{parameters "ID=body;"}
				{Position -0.81279	0	0}
				{VolumeView "detail3.ply"}
			}
			{bone "door_front"
				{parameters "ID=body;"}
				{Position 34.7573	-7.6545	9.84712}
				{VolumeView "door_front.ply"}
			}
			{bone "shieldl5"
				{Position -54.5698	34.4809	0.900146}
				{VolumeView "shieldl5.ply"}
			}
			{bone "shieldr5"
				{Position -54.4785	-34.5047	0.873257}
				{VolumeView "shieldr5.ply"}
			}
			{bone "shieldr4"
				{Position 41.7716	-34.1961	0.936504}
				{VolumeView "shieldr4.ply"}
			}
			{bone "shieldr3"
				{Position 13.6556	-34.2852	0.911045}
				{VolumeView "shieldr3.ply"}
			}
			{bone "shieldr2"
				{Position -14.4072	-34.374	0.885365}
				{VolumeView "shieldr2.ply"}
			}
			{bone "shieldr1"
				{Position -38.0006	-34.4516	0.868069}
				{VolumeView "shieldr1.ply"}
			}
			{bone "shieldl1"
				{Position 41.7536	34.73	0.963589}
				{VolumeView "shieldl1.ply"}
			}
			{bone "shieldl2"
				{Position 13.5276	34.6542	0.937752}
				{VolumeView "shieldl2.ply"}
			}
			{bone "shieldl3"
				{Position -14.4984	34.579	0.912498}
				{VolumeView "shieldl3.ply"}
			}
			{bone "shieldl4"
				{Position -37.9537	34.517	0.894993}
				{VolumeView "shieldl4.ply"}
			}
			{bone revolute "turret"
				{parameters "ID=Turret;"}
				{animation
					{sequence "repair" {file "turret_r.anm"}}
				}
				{speed 0.01}
				{Matrix34
					0.9999	0	0.0141196
					0	1	0
					-0.0141196	0	0.9999
					-0.498753	0.855734	8.09684
				}
				{VolumeView "turret.ply"}
				{bone "shieldr8"
					{parameters "ID=turret;"}
					{Position -30.785	-3.26739	12.2916}
					{VolumeView "shieldr8.ply"}
				}
				{bone "detail6"
					{parameters "ID=turret;"}
					{Position -0.0654411	0.387824	-1.48189}
					{VolumeView "detail6.ply"}
				}
				{bone "detail7"
					{parameters "ID=turret;"}
					{Position -22.8507	-14.2963	8.22994}
					{VolumeView "detail7.ply"}
				}
				{bone "detail8"
					{parameters "ID=turret;"}
					{Position 1.69458	26.5156	7.86582}
					{VolumeView "detail8.ply"}
				}
				{bone "detail9"
					{parameters "ID=turret;"}
					{Position 10.5532	25.2083	7.86152}
					{VolumeView "detail9.ply"}
				}
				{bone "shieldl9"
					{Position 4.37304	-25.4518	8.62297}
					{VolumeView "shieldl9.ply"}
				}
				{bone "ammo_nsv"
					{parameters "ID=turret;"}
					{Position -14.5567	-20.5585	7.88972}
					{VolumeView "ammo_nsv.ply"}
				}
				{bone "lyna"
					{Matrix34
						0.9999	0	-0.0141195
						0	1	0
						0.0141195	0	0.9999
						-0.0829352	0.0818188	-1.23841
					}
					{VolumeView "lyna.ply"}
				}
				{bone revolute "gun_rot"
					{limits -6 14}
					{speed 0.01}
					{Matrix34
						0.9999	0	-0.0141195
						0.0141195	0	0.9999
						0	-1	0
						20.2834	0.242921	6.22655
					}
					{bone "gun"
						{parameters "ID=gun;"}
						{Matrix34
							0.999589	0.0286755	0
							0.0286758	-0.999589	0
							0	0	-1
							9.33463	-0.119316	0.0602028
						}
						{VolumeView "gun.ply"}
						{bone "foresight1"
							{Matrix34
								0.999994	0.00337519	0
								0	0	1
								0.00337511	-0.999994	0
								97.5525	1.29507	-0.0261201
							}
						}
					}
					{bone "mgun"
						{Matrix34
							0.9999	0.0141195	0
							0	0	-1
							-0.0141195	0.9999	0
							1.58832	-0.0405121	6.17626
						}
						{VolumeView "mgun.ply"}
						{bone "foresight5"
							{Matrix34
								0.9999	-0.0141196	0
								0.0141197	0.9999	0
								0	0	1
								4.10257	-0.00738525	-0.00788116
							}
						}
					}
				}
				{bone "gun_mask"
					{parameters "ID=gun;"}
					{Matrix34
						1	0	0
						0	0	-1
						0	1	0
						23.825	0.200783	6.14268
					}
					{VolumeView "gun_mask.ply"}
				}
				{bone "visor1"
					{Matrix34
						0.9999	0	-0.0141196
						0	1	0
						0.0141196	0	0.9999
						11.8098	9.9663	13.7016
					}
				}
				{bone "visor2"
					{Matrix34
						0.9999	0	-0.0141196
						0	1	0
						0.0141196	0	0.9999
						10.8753	-16.1159	14.2082
					}
				}
				{bone revolute "tur"
					{Matrix34
						0.9999	-1.57341e-005	-0.0141196
						1.57323e-005	1	0
						0.0141196	0	0.9999
						-8.06655	-11.7302	16.065
					}
					{bone "mgun_turret"
						{parameters "ID=mgun_rot;"}
						{Matrix34
							0.999982	-0.00592467	-1.57352e-005
							0.00592467	0.999982	1.51396e-005
							1.56452e-005	-1.52325e-005	1
							-0.0485325	-0.0227594	0.214851
						}
						{VolumeView "mgun_turret.ply"}
						{bone "cover2"
							{parameters "ID=body;"}
							{Matrix34
								0.999349	0.000107545	0.0360738
								0.000371515	0.999912	-0.0132775
								-0.0360721	0.0132823	0.999261
								2.04485	0.159738	2.99068
							}
							{VolumeView "cover2.ply"}
						}
						{bone "visor3"
							{Matrix34
								0.999982	-0.000304272	0.00592919
								0.000300898	1	0.000553092
								-0.00592925	-0.000551316	0.999982
								4.30027	8.02095	2.35024
							}
						}
						{bone "fxfire3"
							{Matrix34
								0.00407276	0	0.999992
								-0.00024887	1	0
								-0.999992	-0.000248903	0.00407297
								-1.9061	-0.0181961	0.727173
							}
						}
						{bone revolute "mgun2_stan"
							{limits -13 75}
							{speed 0.01}
							{Matrix34
								0.999995	-0.00050447	0.00310884
								-0.00310873	-0.000293761	0.999995
								-0.000503596	-1	-0.00029532
								8.64896	2.63215	7.89619
							}
							{VolumeView "mgun2_stan.ply"}
							{bone "mgun01"
								{Matrix34
									0.999974	-0.00309494	-0.00644352
									-0.00644441	-0.000291121	-0.999979
									0.00309328	0.999995	-0.000311049
									15.1295	-0.831593	5.0044
								}
								{VolumeView "mgun01.ply"}
								{bone "foresight3"
									{Matrix34
										1	0	0
										0	0	1
										0	-1	0
										16.494	2.03124	1.3565
									}
								}
								{bone "fx_shell"
									{Matrix34
										0.000403305	0.999863	0.0165526
										0.049645	-0.0165523	0.99863
										0.998767	0.000419003	-0.0496448
										-8.51961	3.15028	1.82159
									}
								}
							}
						}
					}
				}
				{bone "turret_systems"
					{Matrix34
						0.9999	0	-0.0141196
						0	1	0
						0.0141196	0	0.9999
						-25.2111	-0.309703	9.06285
					}
				}
				{bone "foresight21"
					{Matrix34
						0.827169	0	0.561953
						0	1	0
						-0.561953	0	0.827169
						24.0388	20.2087	9.89129
					}
				}
				{bone "foresight20"
					{Matrix34
						0.827169	0	0.561953
						0	1	0
						-0.561953	0	0.827169
						25.9106	-15.4073	8.65088
					}
				}
				{bone "cover1"
					{parameters "ID=body;"}
					{Matrix34
						-0.920356	0.0137392	0.39084
						0.38402	0.220802	0.896535
						-0.0739808	0.975222	-0.208493
						-4.6113	6.46755	17.4032
					}
					{VolumeView "cover1.ply"}
				}
				{bone "fxstop1"
					{Matrix34
						0	-1	0
						0.0141197	0	0.9999
						-0.9999	0	0.0141197
						-23.2477	5.23617	24.8855
					}
				}
			}
			{bone "detail4"
				{Position 56.08	28.5661	3.01661}
				{bone "shieldr6"
					{parameters "ID=body;"}
					{Position 7.27074	-5.72932	-1.57651}
					{VolumeView "shieldr6.ply"}
				}
			}
			{bone "detail5"
				{Position 56.1928	-27.9802	3.01661}
				{bone "shieldr7"
					{parameters "ID=body;"}
					{Position 7.25224	5.75373	-1.6009}
					{VolumeView "shieldr7.ply"}
				}
			}
			{bone "headlightr"
				{Position 57.1428	-17.2215	4.04042}
			}
			{bone "headlightl"
				{Position 57.1428	17.6333	3.99969}
			}
			{bone "visor4"
				{Position 40.065	0.0684769	8.98749}
			}
			{bone "fxfire1"
				{Position -39.9442	1.11694	11.2464}
			}
			{bone "fxfire2"
				{Position -51.1399	12.894	11.6789}
			}
			{bone "body_systems"
				{Position 55.7207	1.04023	-7.88237}
			}
			{bone "fxstop3"
				{Matrix34
					0	-1	0
					0	0	1
					-1	0	0
					-63.5766	-20.9938	8.39573
				}
			}
			{bone "fxstop2"
				{Matrix34
					0	-1	0
					0	0	1
					-1	0	0
					-63.5766	21.0075	8.45304
				}
			}
			{bone "fxlight"
				{Position 58.7799	0.447774	5.00684}
			}
			{bone "fxsmoke1"
				{Matrix34
					-1	0	0
					0	-1	0
					0	0	1
					-63.094	-12.1535	8.25689
				}
			}
			{bone "fxsmoke2"
				{Matrix34
					-1	0	0
					0	-1	0
					0	0	1
					-63.094	-4.68378	8.25689
				}
			}
			{bone "fxsmoke3"
				{Matrix34
					-1	0	0
					0	-1	0
					0	0	1
					-63.094	2.5451	8.25689
				}
			}
		}
		{bone "emit1"
			{Matrix34
				1.41422e-005	-0.999998	-0.00174527
				0.999963	0	0.00866445
				-0.00866443	-0.00174533	0.999961
				-12.0768	43.9285	0.44062
			}
			{visibility 0}
		}
		{bone "emit2"
			{Matrix34
				-1.45872e-005	0.999998	0.00174522
				-0.999962	0	-0.00866449
				-0.00866448	-0.00174528	0.999961
				29.9043	-46.1129	0.0199947
			}
			{visibility 0}
		}
		{bone "emit0"
			{Matrix34
				-0.999962	0	-0.00866445
				1.64009e-005	-0.999998	-0.00174516
				-0.00866443	-0.00174525	0.999961
				72.3351	5.9952	-0.0875492
			}
		}
		{bone "wheelsr"
			{parameters "ID=trackright;"}
			{animation
				{sequence "repair" {file "trackR_r.anm"}}
			}
			{Matrix34
				-1.54217e-005	-1	0
				0	0	1
				-1	1.54217e-005	0
				9.88662	-17.147	5.06196
			}
			{bone revolute "wheelr6"
				{parameters "ID=trackright;Radius=0.24;"}
				{Matrix34
					-2.7732e-005	0	-1
					0	-1	0
					-1	0	2.7732e-005
					11.3102	2.78213	35.0651
				}
				{VolumeView "wheelr6.ply"}
			}
			{bone revolute "wheelr5"
				{parameters "ID=trackright;Radius=0.24;"}
				{Matrix34
					-2.7732e-005	0	-1
					0	-1	0
					-1	0	2.7732e-005
					11.2668	2.76721	17.5341
				}
				{VolumeView "wheelr5.ply"}
			}
			{bone revolute "wheelr4"
				{parameters "ID=trackright;Radius=0.24;"}
				{Matrix34
					-2.7732e-005	0	-1
					0	-1	0
					-1	0	2.7732e-005
					11.2259	2.76242	1.02998
				}
				{VolumeView "wheelr4.ply"}
			}
			{bone revolute "wheelr3"
				{parameters "ID=trackright;Radius=0.24;"}
				{Matrix34
					-2.7732e-005	0	-1
					0	-1	0
					-1	0	2.7732e-005
					11.1801	2.74896	-17.4994
				}
				{VolumeView "wheelr3.ply"}
			}
			{bone revolute "wheelr2"
				{parameters "ID=trackright;Radius=0.24;"}
				{Matrix34
					-2.7732e-005	0	-1
					0	-1	0
					-1	0	2.7732e-005
					11.1398	2.74227	-33.779
				}
				{VolumeView "wheelr2.ply"}
			}
			{bone revolute "trackr"
				{parameters "ID=trackright;"}
				{Matrix34
					-1.08219e-005	-1.0864e-005	-1
					-0.999992	-0.00387561	1.0864e-005
					-0.00387561	0.999992	-1.08219e-005
					10.8802	6.75975	6.92459
				}
				{VolumeView "trackr.ply"}
			}
			{bone revolute "wheelr7"
				{parameters "ID=trackright;Radius=0.24;"}
				{Matrix34
					-2.7732e-005	0	-1
					0	-1	0
					-1	0	2.7732e-005
					11.3309	2.78725	52.6077
				}
				{VolumeView "wheelr7.ply"}
			}
		}
		{bone "wheelsl"
			{parameters "ID=trackleft;"}
			{animation
				{sequence "repair" {file "trackL_r.anm"}}
			}
			{Matrix34
				-1.54217e-005	-1	0
				0	0	1
				-1	1.54217e-005	0
				9.88717	17.9039	5.06196
			}
			{bone revolute "wheell6"
				{parameters "ID=trackleft;Radius=0.24;"}
				{Matrix34
					-2.7732e-005	0	-1
					0	-1	0
					-1	0	2.7732e-005
					-11.0856	2.80375	35.156
				}
				{VolumeView "wheell6.ply"}
			}
			{bone revolute "wheell5"
				{parameters "ID=trackleft;Radius=0.24;"}
				{Matrix34
					-2.7732e-005	0	-1
					0	-1	0
					-1	0	2.7732e-005
					-11.129	2.79117	17.6278
				}
				{VolumeView "wheell5.ply"}
			}
			{bone revolute "wheell4"
				{parameters "ID=trackleft;Radius=0.24;"}
				{Matrix34
					-2.7732e-005	0	-1
					0	-1	0
					-1	0	2.7732e-005
					-11.1698	2.78945	1.12308
				}
				{VolumeView "wheell4.ply"}
			}
			{bone revolute "wheell3"
				{parameters "ID=trackleft;Radius=0.24;"}
				{Matrix34
					-2.7732e-005	0	-1
					0	-1	0
					-1	0	2.7732e-005
					-11.2158	2.77089	-17.4083
				}
				{VolumeView "wheell3.ply"}
			}
			{bone revolute "wheell2"
				{parameters "ID=trackleft;Radius=0.24;"}
				{Matrix34
					-2.7732e-005	0	-1
					0	-1	0
					-1	0	2.7732e-005
					-11.256	2.76388	-33.688
				}
				{VolumeView "wheell2.ply"}
			}
			{bone revolute "trackl"
				{parameters "ID=trackleft;"}
				{Matrix34
					-1.08219e-005	-1.0864e-005	-1
					-0.999992	-0.00387561	1.0864e-005
					-0.00387561	0.999992	-1.08219e-005
					-10.8111	6.75975	6.92547
				}
				{VolumeView "trackl.ply"}
			}
			{bone revolute "wheell7"
				{parameters "ID=trackleft;Radius=0.24;"}
				{Matrix34
					-2.7732e-005	0	-1
					0	-1	0
					-1	0	2.7732e-005
					-11.0422	2.80798	52.6969
				}
				{VolumeView "wheell7.ply"}
			}
		}
		{bone "fxtracel1"
			{Position 43.9	29.4648	0.153582}
		}
		{bone "fxtracer1"
			{Position 43.57	-28.1342	0.232672}
		}
		{bone "fxtracer2"
			{Position -50.7765	-28.2677	5.08192}
		}
		{bone "fxtracel2"
			{Position -50.9041	30.3988	5.18639}
		}
	}
}
{Volume "additional_triplex2"
	{Box 4.21472 7.58894 3.57296}
	{Bone "turret"}
	{Matrix34
		0	1	0
		0.014112	0	0.9999
		0.9999	0	-0.014112
		-0.059786	15.9928	13.9024
	}
}
{Volume "additional_triplex"
	{Box 7.43769 8.26588 4.84799}
	{Bone "turret_systems"}
	{Position 32.5412	-15.7009	4.80059}
}
{Volume "ammo_mgun"
	{Polyhedron "ammo_mgun.vol"}
	{Bone "mgun2_stan"}
	{Matrix34
		0.151226	-0.000774596	-0.988499
		-0.988494	0.00300972	-0.151227
		0.00309251	0.999995	-0.00031053
		5.62425	-0.684032	7.26486
	}
}
{Volume "ammo_storage_main1"
	{Box 13.7795 7.87402 7.87402}
	{Bone "body_systems"}
	{Position -25.4073	-14.2944	4.13126}
}
{Volume "ammo_storage_main"
	{Polyhedron "ammo_storage_main.vol"}
	{Bone "turret_systems"}
	{Position 25.6403	-0.665935	-25.1303}
}
{Volume "ammo_storage_mgun1"
	{Box 1.9685 4.92126 3.93701}
	{Bone "turret_systems"}
	{Matrix34
		0.499988	0.866032	0
		-0.866032	0.499988	0
		0	0	1
		13.4212	-16.2331	-1.86916
	}
}
{Volume "ammo_storage_mgun"
	{Box 1.9685 4.92126 3.93701}
	{Bone "turret_systems"}
	{Matrix34
		0.824127	0.566406	0
		-0.566406	0.824127	0
		0	0	1
		9.0077	-12.3439	0.203028
	}
}
{Volume "autoloader1"
	{Cylinder 15.748 5.90551}
	{Bone "turret_systems"}
	{Matrix34
		1.25648	0	0
		0	1.25648	0
		0	0	1.25648
		25.614	-0.472818	-21.4204
	}
}
{Volume "autoloader"
	{Polyhedron "autoloader.vol"}
	{Bone "turret_systems"}
	{Position 6.04858	-0.412353	-20.1886}
}
{Volume "body"
	{Polyhedron "body.vol"}
	{Bone "body"}
	{Matrix34
		1	0	0
		0	0	1
		0	-1	0
		3.88272	-0.660836	3.26694
	}
}
{Volume "commander_place"
	{Box 9.7001 10.4695 22.5197}
	{Bone "turret_systems"}
	{Position 17.1538	-11.7519	-5.05554}
}
{Volume "commander_triplex"
	{Box 6.29063 3.25705 5.3169}
	{Bone "turret"}
	{Matrix34
		0	1	0
		0.014112	0	0.9999
		0.9999	0	-0.014112
		9.04809	9.6061	13.7738
	}
}
{Volume "comp_armor_body"
	{Polyhedron "comp_armor_body.vol"}
	{Bone "body"}
	{Matrix34
		0.939693	0	-0.34202
		0	1	0
		0.34202	0	0.939693
		51.2925	-0.729412	3.81409
	}
}
{Volume "comp_armor_turret1"
	{Polyhedron "comp_armor_turret1.vol"}
	{Bone "turret"}
	{Matrix34
		0	1	0
		-0.9999	0	0.0141277
		0.0141277	0	0.9999
		24.7085	-14.6071	2.45645
	}
}
{Volume "comp_armor_turret"
	{Polyhedron "comp_armor_turret.vol"}
	{Bone "turret"}
	{Matrix34
		0	1	0
		-0.9999	0	0.0141286
		0.0141286	0	0.9999
		25.4884	13.5507	-27.5749
	}
}
{Volume "driver_panel"
	{Box 1.5748 15.748 5.90551}
	{Bone "body_systems"}
	{Matrix34
		0.984401	0	0.175937
		0	1	0
		-0.175937	0	0.984401
		-13.2285	-1.38955	10.3096
	}
}
{Volume "driver_place"
	{Box 16.0827 10.0846 13.4551}
	{Bone "body_systems"}
	{Position -23.7691	-1.28701	6.99989}
}
{Volume "driver_triplex"
	{Box 0.408701 5.57573 1.9685}
	{Bone "body_systems"}
	{Matrix34
		0.999695	0	0.0246876
		0	1	0
		-0.0246876	0	0.999695
		-16.3561	-1.42928	17.1283
	}
}
{Volume "engine"
	{Box 23.1 38.5418 15.05}
	{Bone "detail1"}
	{Position 21.3292	-0.0140255	-2.66659}
}
{Volume "front_wheels"
	{Box 3.60236 41.1024 2.50098}
	{Bone "body_systems"}
	{Position 4.34941	-0.62257	5.8604}
}
{Volume "fuel_tank_external_a"
	{Polyhedron "fuel_tank_external_a.vol"}
	{Bone "body_systems"}
	{Position -37.9784	-28.7408	11.7551}
}
{Volume "fuel_tank_internal_a"
	{Polyhedron "fuel_tank_internal_a.vol"}
	{Bone "body_systems"}
	{Position -17.8031	11.5949	-0.961527}
}
{Volume "fuel_tank_internal_b"
	{Polyhedron "fuel_tank_internal_b.vol"}
	{Bone "body_systems"}
	{Position -17.9333	-14.2634	-1.0301}
}
{Volume "gun"
	{Polyhedron "gun.vol"}
	{Bone "gun"}
	{Matrix34
		0	0	-1
		0.0286657	-0.999589	0
		-0.999589	-0.028666	0
		0.157465	-0.141132	0.0354795
	}
}
{Volume "gunner_place"
	{Box 9.73912 10.0394 22.1081}
	{Bone "turret_systems"}
	{Position 15.5008	11.15	-6.54895}
}
{Volume "mgun2"
	{Polyhedron "mgun2.vol"}
	{Bone "mgun_turret"}
	{Matrix34
		0.999193	0.0207889	-0.034382
		-0.0207339	0.999783	0.00195897
		0.0344156	-0.0012445	0.999407
		27.0719	-0.0948954	7.74484
	}
}
{Volume "mgun"
	{Box 12.4016 1.37795 1.54331}
	{Bone "turret"}
	{Matrix34
		0.9999	0	-0.0141206
		-0.0141206	0	-0.9999
		0	1	0
		18.86	-5.8074	6.21778
	}
}
{Volume "panel_engine_connectors"
	{Box 78.7402 5.90551 1.37795}
	{Bone "body_systems"}
	{Matrix34
		0.999971	0	0.00758784
		0	1	0
		-0.00758784	0	0.999971
		-44.6493	-1.5716	0.697017
	}
}
{Volume "ppu1"
	{Box 13.7795 1.9685 6.88976}
	{Bone "body_systems"}
	{Position -23.4136	5.46555	2.43265}
}
{Volume "ppu"
	{Box 1.9685 6.88976 6.88976}
	{Bone "body_systems"}
	{Position -13.5422	-5.86495	2.53663}
}
{Volume "shieldl1"
	{Polyhedron "shieldl1.vol"}
	{Bone "shieldl1"}
	{Matrix34
		1	0	0
		0	0	1
		0	-1	0
		0.0684013	-1.03799	0.205631
	}
}
{Volume "shieldl2"
	{Polyhedron "shieldl2.vol"}
	{Bone "shieldl2"}
	{Matrix34
		1	0	0
		0	0	1
		0	-1	0
		0.182404	-0.962166	0.231468
	}
}
{Volume "shieldl3"
	{Polyhedron "shieldl3.vol"}
	{Bone "shieldl3"}
	{Matrix34
		1	0	0
		0	0	1
		0	-1	0
		-0.00374603	-0.886993	0.256721
	}
}
{Volume "shieldl4"
	{Polyhedron "shieldl4.vol"}
	{Bone "shieldl4"}
	{Matrix34
		1	0	0
		0	0	1
		0	-1	0
		-4.58252	-0.825027	0.274227
	}
}
{Volume "shieldl5"
	{Polyhedron "shieldl5.vol"}
	{Bone "shieldl5"}
	{Matrix34
		1	0	0
		0	0	1
		0	-1	0
		-7.05302	-0.788891	0.269073
	}
}
{Volume "shieldl9"
	{Polyhedron "shieldl9.vol"}
	{Bone "shieldl9"}
	{Matrix34
		0.9999	0	-0.0141196
		0	1	0
		0.0141196	0	0.9999
		-0.0164883	-1.12352	-4.88344
	}
}
{Volume "shieldr1"
	{Polyhedron "shieldr1.vol"}
	{Bone "shieldr1"}
	{Matrix34
		1	0	0
		0	0	1
		0	-1	0
		-4.53557	-0.787918	0.301151
	}
}
{Volume "shieldr2"
	{Polyhedron "shieldr2.vol"}
	{Bone "shieldr2"}
	{Matrix34
		1	0	0
		0	0	1
		0	-1	0
		-0.0949364	-0.865555	0.283855
	}
}
{Volume "shieldr3"
	{Polyhedron "shieldr3.vol"}
	{Bone "shieldr3"}
	{Matrix34
		1	0	0
		0	0	1
		0	-1	0
		0.0543289	-0.954323	0.258175
	}
}
{Volume "shieldr4"
	{Polyhedron "shieldr4.vol"}
	{Bone "shieldr4"}
	{Matrix34
		1	0	0
		0	0	1
		0	-1	0
		0.0503807	-1.04344	0.232716
	}
}
{Volume "shieldr5"
	{Polyhedron "shieldr5.vol"}
	{Bone "shieldr5"}
	{Matrix34
		1	0	0
		0	0	1
		0	-1	0
		-7.1443	-0.734818	0.295963
	}
}
{Volume "shieldr6"
	{Polyhedron "shieldr6.vol"}
	{Bone "shieldr6"}
	{Matrix34
		1	0	0
		0	0	1
		0	-1	0
		0.0750885	13.1966	-0.100864
	}
}
{Volume "shieldr7"
	{Polyhedron "shieldr7.vol"}
	{Bone "shieldr7"}
	{Matrix34
		1	0	0
		0	0	1
		0	-1	0
		-0.0192795	2.79366	-0.0764732
	}
}
{Volume "shieldr8"
	{Polyhedron "shieldr8.vol"}
	{Bone "shieldr8"}
	{Matrix34
		-0.9999	0	0.0141196
		0.0141196	0	0.9999
		0	1	0
		-0.804043	2.38239	-1.04785
	}
}
{Volume "stabilizer"
	{Box 26.7919 8.87539 12.2776}
	{Bone "turret"}
	{Matrix34
		0.812058	0	-0.00442945
		0.00442945	0	0.812058
		0	-0.81207	0
		9.45761	0.414104	6.55988
	}
}
{Volume "trackleft"
	{Polyhedron "trackleft.vol"}
	{Bone "wheelsl"}
	{Matrix34
		-1.57356e-005	0	-1
		-1	0	1.57058e-005
		0	1	0
		-11.4737	-4.90488	5.91003
	}
}
{Volume "trackright"
	{Polyhedron "trackright.vol"}
	{Bone "wheelsr"}
	{Matrix34
		-1.58548e-005	0	-1
		-1	0	1.5825e-005
		0	1	0
		10.8201	-5.02132	-5.78267
	}
}
{Volume "transmission"
	{Box 7.5 35 9.84252}
	{Bone "body_systems"}
	{Position -108.992	-1.79204	4.32958}
}
{Volume "turret_move_engine"
	{Box 3.93701 3.93701 3.93701}
	{Bone "turret_systems"}
	{Position 34.6773	14.4602	-3.68402}
}
{Volume "turret_ring2"
	{Polyhedron "turret_ring2.vol"}
	{Bone "body"}
	{Matrix34
		0	1	0
		-1	0	0
		0	0	1
		-0.379063	0.566121	6.687
	}
}
{Volume "turret_ring"
	{Cylinder 21.0405 2.59067}
	{Bone "turret"}
	{Matrix34
		0	1	0
		-0.9999	0	0.0141196
		0.0141196	0	0.9999
		0.166728	0.0610081	2.24476
	}
}
{Volume "turret"
	{Polyhedron "turret.vol"}
	{Bone "turret"}
	{Matrix34
		0.9999	0	-0.0141196
		0	1	0
		0.0141196	0	0.9999
		-0.783843	-0.30745	2.99532
	}
}
