;Exported by: GANS_LXVS
;Date:        Wed Mar 23 14:21:22 2016
;File:        D:\model_GANSa\models_STALKER\gaz66\gaz66fire_xx.max
{Skeleton
	{bone "basis"
		{Orientation
			1	0	0
			0	-1	0
			0	0	1
		}
		{bone "pivot_back"
			{parameters "ID=body;"}
			{Position -30.4833	0.327032	11.167}
			{VolumeView "pivot_back.ply"}
			{bone revolute "spring_l2"
				{parameters "ID=body;"}
				{Position 0.148628	13.4069	-0.419004}
				{bone revolute "wheell2"
					{parameters "ID=wheelleft2;"}
					{Matrix34
						1	0	0
						0	0	-1
						0	1	0
						0.00932312	2.78709	0.000743866
					}
					{VolumeView "wheell2.ply"}
				}
			}
			{bone revolute "spring_r2"
				{parameters "ID=body;"}
				{Position 0.148628	-13.2057	-0.419004}
				{bone revolute "wheelr2"
					{parameters "ID=wheelright2;"}
					{Matrix34
						1	0	0
						0	0	-1
						0	1	0
						0	-3.0465	0.000743866
					}
					{VolumeView "wheelr2.ply"}
				}
			}
		}
		{bone "pivot_front"
			{parameters "ID=body;"}
			{Position 36.7952	0.327032	11.1298}
			{VolumeView "pivot_front.ply"}
			{bone revolute "steer_r1"
				{parameters "ID=body;"}
				{Matrix34
					1	0	0
					0	-1	0
					0	0	-1
					-0.082634	-13.2057	-0.381794
				}
				{bone revolute "wheelr1"
					{parameters "ID=wheelright1;"}
					{Matrix34
						1	0	0
						0	0	1
						0	-1	0
						-0.00796509	3.04705	-0.00074482
					}
					{VolumeView "wheelr1.ply"}
				}
			}
			{bone revolute "steer_l1"
				{parameters "ID=body;"}
				{Matrix34
					1	0	0
					0	-1	0
					0	0	-1
					-0.082634	13.4069	-0.381794
				}
				{bone revolute "wheell1"
					{parameters "ID=wheelleft1;"}
					{Matrix34
						1	0	0
						0	0	1
						0	-1	0
						-0.00796509	-2.78125	0
					}
					{VolumeView "wheell1.ply"}
				}
			}
		}
		{bone "body"
			{parameters "ID=body;"}
			{Matrix34
				0.999946	0	-0.0103578
				0	1	0
				0.0103578	0	0.999946
				2.5204	0.259361	13.0006
			}
			{VolumeView "body.ply"}
			{bone "part5"
				{parameters "ID=body;"}
				{Position 15.5705	-0.107155	14.0041}
				{VolumeView "part5.ply"}
			}
			{bone "part2"
				{parameters "ID=body;"}
				{Position 53.6717	0.0555992	2.80112}
				{VolumeView "part2.ply"}
			}
			{bone "cabin"
				{parameters "ID=cabin;"}
				{Matrix34
					0.997693	0	-0.0678852
					0	1	0
					0.0678852	0	0.997693
					34.7369	0.0353725	8.93529
				}
				{VolumeView "cabin.ply"}
				{bone "engine"
					{parameters "ID=engine;"}
					{Matrix34
						1	0	0
						0	0.989813	-0.142372
						0	0.142372	0.989813
						14.2145	-0.294734	1.39277
					}
				}
				{bone "part4"
					{parameters "ID=body;"}
					{Matrix34
						0.986268	0.165152	0
						-0.165152	0.986268	0
						0	0	1
						6.41682	-19.0816	8.47469
					}
					{VolumeView "part4.ply"}
				}
				{bone "part3"
					{parameters "ID=body;"}
					{Matrix34
						0.987319	-0.158747	0
						0.158747	0.987319	0
						0	0	1
						6.41682	18.9945	8.47469
					}
					{VolumeView "part3.ply"}
				}
			}
			{bone "bodyback"
				{parameters "ID=bodyback;"}
				{Matrix34
					0.999946	0	0.0103577
					0	1	0
					-0.0103577	0	0.999946
					-30.934	-0.534952	27.4217
				}
				{VolumeView "bodyback.ply"}
				{bone "part1"
					{parameters "ID=body;"}
					{Position 17.5908	17.1701	-0.782871}
					{VolumeView "part1.ply"}
				}
				{bone "part6"
					{parameters "ID=body;"}
					{Position -25.9563	0.0538494	-10.538}
					{VolumeView "part6.ply"}
				}
			}
		}
	}
}
{Volume "body"
	{Box 100.399 20.2129 6.2299}
	{Bone "body"}
	{Position -1.75455	0.0555992	1.59612}
}
{Volume "bodyback1"
	{Box 85.1064 28.0345 7.15795}
	{Bone "bodyback"}
	{Matrix34
		0.99768	0	0.0680783
		0	1	0
		-0.0680783	0	0.99768
		7.94303	0.13126	3.19156
	}
}
{Volume "bodyback"
	{Polyhedron "bodyback.vol"}
	{Bone "bodyback"}
	{Position 10.7221	0.275591	-28.5121}
}
{Volume "cabin1_lod1"
	{Polyhedron "cabin1_lod1.vol"}
	{Bone "cabin"}
	{Position -2.60407	0.000541806	8.9643}
}
{Volume "cabin1"
	{Polyhedron "cabin1.vol"}
	{Bone "cabin"}
	{Position -2.60407	0.000541806	8.9643}
}
{Volume "cabin_lod1"
	{Polyhedron "cabin_lod1.vol"}
	{Bone "cabin"}
	{Position -0.333405	0.000541806	-6.64868}
}
{Volume "cabin"
	{Polyhedron "cabin.vol"}
	{Bone "cabin"}
	{Position -0.333405	0.000541806	-6.64868}
}
{Volume "engine"
	{Box 12.5234 22.3032 11.6682}
	{Bone "engine"}
	{Position -3.55431	0	-0.74654}
}
{Volume "part1"
	{Box 28.3233 2.45432 18.0611}
	{Bone "part1"}
	{Matrix34
		1	0	0
		0	0.98537	0.17043
		0	-0.17043	0.98537
		-0.383955	0.925674	-8.49504
	}
}
{Volume "part2"
	{Box 4.01595 45.0372 6.2299}
	{Bone "part2"}
	{Position -0.228607	0	-1.205}
}
{Volume "part3"
	{Box 14.7846 1.60258 21.5437}
	{Bone "part3"}
	{Matrix34
		0.995021	-0.0748488	0.065806
		0.0684722	0.993184	0.0943254
		-0.0724176	-0.0893499	0.993364
		-7.44888	-0.325216	1.42489
	}
}
{Volume "part4"
	{Box 14.7846 1.60258 21.5437}
	{Bone "part4"}
	{Matrix34
		0.997924	0.0220287	0.0605185
		-0.0146067	0.992612	-0.12045
		-0.0627247	0.119316	0.990873
		-7.38433	0.477257	1.39806
	}
}
{Volume "part5"
	{Cylinder 10.8685 6.7761}
	{Bone "part5"}
	{Matrix34
		0	0	1
		0	1	0
		-1	0	0
		0.102852	0	0
	}
}
{Volume "part6"
	{Box 23.2251 2.45432 15.3519}
	{Bone "part6"}
	{Matrix34
		0	1	0
		-0.998545	0	-0.0539218
		-0.0539218	0	0.998545
		-0.304187	-0.312763	-7.13297
	}
}
{Volume "wheelleft1"
	{Cylinder 10.8181 7.66075}
	{Bone "wheell1"}
	{Position 0	0	0.00054121}
}
{Volume "wheelleft2"
	{Cylinder 10.8181 7.66075}
	{Bone "wheell2"}
	{Position -0.00932121	0.00074482	-0.00292873}
}
{Volume "wheelright1"
	{Cylinder 10.8181 7.66075}
	{Bone "wheelr1"}
	{Matrix34
		1	0	0
		0	-1	0
		0	0	-1
		0.0079689	0.000743866	0.000545025
	}
}
{Volume "wheelright2"
	{Cylinder 10.8181 7.66075}
	{Bone "wheelr2"}
	{Matrix34
		1	0	0
		0	-1	0
		0	0	-1
		0	0.000743866	0
	}
}
