;MDL File generated by SOEdit Version Next (v0.7m4)
;Model created by: ??????
;Date: Wed Jul 19 22:07:57 2023
;File: C:\Users\??????\Desktop\AR-2 Darter & Tayran AR-2 quadrotor\fpv_drone_bycawx.max
;Model create/rebuild by: MoCKBu4
;Last build date: Friday 26 October 2023 [15:02:33]
{Skeleton
    {Animation
        {Sequence "engine_start"}
        {Sequence "engine_work"}
        {Sequence "engine_stop"}
    }
    {Bone "basis"
        {Orientation
            1	0	0
            0	-1	0
            0	0	1
        }
        {Bone "body"
            {Parameters "ID=body;"}
            {Position 0.316054	0.0497948	2.32301}
            {VolumeView "body.ply"}
            {Bone revolute "turret"
                {Parameters "ID=turret;"}
                {Speed 0.03}
                {Position 0.0023101	0.00143939	-0.699939}
                {VolumeView "turret.ply"}
                {Bone revolute "gun_rot"
                    {Parameters "ID=gun;"}
                    {Limits -50 0}
                    {Speed 0.03}
                    {Matrix34
                        1	0	0
                        0	0	1
                        0	-1	0
                        -0.0199148	-0.00091299	0.206356
                    }
                    {VolumeView "gun_rot.ply"}
                    {Bone "visor1"
                        {Matrix34
                            1	0	0
                            0	0	-1
                            0	1	0
                            1.38906	-0.190057	-0.0742134
                        }
                    }
                    {Bone "foresight1"
                        {Matrix34
                            1	0	0
                            0	0	-1
                            0	1	0
                            2.64287	-0.185652	-0.0322184
                        }
                    }
                }
            }
            {Bone revolute "propeller"
                {Parameters "id=propeller;"}
                {Matrix34
                    -0.0232999	0.999729	0.000182434
                    -0.999596	-0.0232993	0.0162759
                    0.0162758	0.000196773	0.999868
                    -3.40332	-3.37558	1.2413
                }
                {VolumeView "propeller.ply"}
            }
            {Bone revolute "propeller2"
                {Parameters "id=propeller;"}
                {Matrix34
                    -0.0232999	0.999729	0.000182434
                    -0.999596	-0.0232993	0.0162759
                    0.0162758	0.000196773	0.999868
                    3.40809	-3.37558	1.2413
                }
                {VolumeView "propeller2.ply"}
            }
            {Bone revolute "propeller3"
                {Parameters "id=propeller;"}
                {Matrix34
                    -0.896215	-0.44362	0.000182421
                    0.443564	-0.896095	0.0162759
                    -0.0070568	0.0146677	0.999868
                    3.40809	3.43081	1.2413
                }
                {VolumeView "propeller3.ply"}
            }
            {Bone revolute "propeller4"
                {Parameters "id=propeller;"}
                {Matrix34
                    0.554335	0.832294	0.000182412
                    -0.832185	0.554259	0.0162759
                    0.0134452	-0.00917423	0.999868
                    -3.29154	3.3939	1.2413
                }
                {VolumeView "propeller4.ply"}
            }
            {Bone "propeller_work"
                {Matrix34
                    -0.711536	-0.70265	0
                    0.70265	-0.711535	0
                    0	0	1
                    -3.40214	-3.38278	1.21486
                }
                {Visibility 0}
                {VolumeView "propeller_work.ply"}
            }
            {Bone "propeller_work2"
                {Matrix34
                    -0.711536	-0.70265	0
                    0.70265	-0.711535	0
                    0	0	1
                    3.42481	-3.38278	1.21486
                }
                {Visibility 0}
                {VolumeView "propeller_work2.ply"}
            }
            {Bone "propeller_work3"
                {Matrix34
                    -0.711536	-0.70265	0
                    0.70265	-0.711535	0
                    0	0	1
                    3.42481	3.38504	1.21486
                }
                {Visibility 0}
                {VolumeView "propeller_work3.ply"}
            }
            {Bone "propeller_work4"
                {Matrix34
                    -0.711536	-0.70265	0
                    0.70265	-0.711535	0
                    0	0	1
                    -3.36313	3.38504	1.21486
                }
                {Visibility 0}
                {VolumeView "propeller_work4.ply"}
            }
            {Bone "body_systems"
                {Matrix34
                    0.998395	0	-0.0566256
                    0	1	0
                    0.0566256	0	0.998395
                    -0.0278967	-0.0178096	0.422579
                }
            }
            {Bone "pivot_back"
                {Position -4.98877	0.130282	-0.72698}
                {Bone "support2"
                    {Matrix34
                        1	0	0
                        0	0	1
                        0	-1	0
                        0.199431	4.80108	-0.772421
                    }
                }
                {Bone "support4"
                    {Matrix34
                        1	0	0
                        0	-0.0266643	0.999644
                        0	-0.999645	-0.0266643
                        0.215548	-5.03636	-0.772435
                    }
                }
            }
            {Bone "pivot_front"
                {Position 4.73898	0.130282	-0.72698}
                {Bone "support3"
                    {Matrix34
                        1	0	0
                        0	-0.0266643	0.999644
                        0	-0.999644	-0.0266643
                        0.0503359	-5.004	-0.772435
                    }
                }
                {Bone "support1"
                    {Matrix34
                        1	0	0
                        0	0	1
                        0	-1	0
                        0.0342202	4.71539	-0.772421
                    }
                }
            }
        }
    }
}
{Volume "apu"
    {Polyhedron "apu.vol"}
    {Bone "body_systems"}
    {Matrix34
        0.998395	0	0.0566283
        0	1	0
        -0.0566283	0	0.998395
        -0.0192412	0.0755603	0.226529
    }
}
{Volume "body1"
    {Polyhedron "body1.vol"}
    {Bone "body"}
    {Position -0.124825	-0.103441	0.563646}
}
{Volume "body2"
    {Polyhedron "body2.vol"}
    {Bone "body"}
    {Position -0.124825	-0.103441	1.46111}
}
{Volume "electronics"
    {Polyhedron "electronics.vol"}
    {Bone "body_systems"}
    {Matrix34
        0.998395	0	0.0566283
        0	1	0
        -0.0566283	0	0.998395
        0.0689502	0.00429824	0.589127
    }
}
{Volume "engine"
    {Polyhedron "engine.vol"}
    {Bone "body_systems"}
    {Matrix34
        0.998395	0	0.0566267
        0	1	0
        -0.0566452	0	0.998394
        -0.0192412	0.0755603	0.226529
    }
}
{Volume "pilot_panel"
    {Polyhedron "pilot_panel.vol"}
    {Bone "body_systems"}
    {Matrix34
        0.998395	0	0.0566283
        0	1	0
        -0.0566283	0	0.998395
        1.43303	0.015114	0.605485
    }
}
{Volume "wheelleft"
    {Box 43.009 0.793253 2.85599}
    {Bone "body"}
    {Matrix34
        0.251091	0	0
        0	0.570903	0
        0	0	0.208237
        -0.0267682	5.05272	-2.02564
    }
}
{Volume "wheelright"
    {Box 43.009 0.793253 2.85599}
    {Bone "body"}
    {Matrix34
        0.251091	0	0
        0	0.570903	0
        0	0	0.208237
        -0.0267682	-5.04491	-2.02564
    }
}
