;Exported by: Timosh
;Date:        Thu Nov  9 19:00:26 2023
;File:        G:\?????? ? Pheonix\??????????????\??????\?????? ? ???????\angar_military ?????????????\angar_military x 25.max
{Skeleton
	{bone "roof_13"
		{Orientation
			1	0	0
			0	-1	0
			0	0	1
		}
		{bone "piece1"
			{Matrix34
				0.996195	0	0.0871557
				0	1	0
				-0.0871557	0	0.996195
				7.3461	0.00994158	121.682
			}
			{VolumeView "piece1.ply"}
		}
		{bone "piece2"
			{Matrix34
				0.996195	0	0.0871557
				0	1	0
				-0.0871557	0	0.996195
				28.6085	-11.0987	127.437
			}
			{VolumeView "piece2.ply"}
		}
		{bone "piece3"
			{Matrix34
				0.996195	0	0.0871557
				0	1	0
				-0.0871557	0	0.996195
				33.0003	40.1776	128.056
			}
			{VolumeView "piece3.ply"}
		}
		{bone "piece4"
			{Matrix34
				0.996195	0	0.0871557
				0	1	0
				-0.0871557	0	0.996195
				-13.1123	1.98787	121.797
			}
			{VolumeView "piece4.ply"}
		}
		{bone "piece5"
			{Position 6.10088	0.0154285	113.701}
			{VolumeView "piece5.ply"}
		}
		{bone "piece6"
			{Matrix34
				0.996195	0	0.0871557
				0	1	0
				-0.0871557	0	0.996195
				-41.4641	-10.5401	117.834
			}
			{VolumeView "piece6.ply"}
		}
	}
}
{Volume "piece1"
	{Box 87.4345 3.93104 6.02702}
	{Bone "piece1"}
	{Position 0	0	2.28882e-05}
}
{Volume "piece2"
	{Box 44.3817 43.2616 5.91249}
	{Bone "piece2"}
	{Position 1.52588e-05	0	0}
}
{Volume "piece3"
	{Box 39.4002 52.4787 5.66806}
	{Bone "piece3"}
	{Position 0.0756836	0	-0.0144806}
}
{Volume "piece4"
	{Box 22.7458 26.1504 4.88006}
	{Bone "piece4"}
	{Position 0.00012207	0	0}
}
{Volume "piece5"
	{Box 86.4261 3.936 2.03504}
	{Bone "piece5"}
	{Position 0	0	0}
}
{Volume "piece6"
	{Box 38.0802 47.3159 5.51651}
	{Bone "piece6"}
	{Position 0.0113525	0	0.0823975}
}
