;Exported by: Timosh
;Date:        Mon Oct 30 09:50:09 2023
;File:        G:\?????? ? Pheonix\??????????????\??????\?????? ? ???????\angar2 ?????????????\angar2d x final 1.max
{Skeleton
	{bone "add2"
		{Orientation
			1	0	0
			0	-1	0
			0	0	1
		}
		{bone "piece1"
			{Position -0.0273132	-9.42176	48.1328}
			{VolumeView "piece1.ply"}
		}
		{bone "piece2"
			{Position -0.00231934	28.9822	54.8399}
			{VolumeView "piece2.ply"}
		}
		{bone "piece3"
			{Position -0.059845	-45.2229	54.614}
			{VolumeView "piece3.ply"}
		}
		{bone "piece4"
			{Position 18.0566	-30.2771	75.9539}
			{VolumeView "piece4.ply"}
		}
		{bone "piece5"
			{Position 47.9328	-57.752	84.5874}
			{VolumeView "piece5.ply"}
		}
		{bone "piece6"
			{Position 18.0208	37.5249	75.9723}
			{VolumeView "piece6.ply"}
		}
		{bone "piece7"
			{Position 0.0270691	30.6541	22.3914}
			{VolumeView "piece7.ply"}
		}
		{bone "piece8"
			{Position -0.0292969	-39.5412	20.9866}
			{VolumeView "piece8.ply"}
		}
		{bone "piece9"
			{Position 0.0238953	59.5759	51.2675}
			{VolumeView "piece9.ply"}
		}
		{bone "piece10"
			{Position 50.3523	10.7947	85.2458}
			{VolumeView "piece10.ply"}
		}
		{bone "fx_dust1"
			{Position 16.9972	1.13043	0}
		}
	}
}
{Volume "piece10"
	{Box 38.7134 58.0101 2.95276}
	{Bone "piece10"}
	{Matrix34
		0.965926	0	0.258819
		0	1	0
		-0.258819	0	0.965926
		-1.56391	0	-0.406425
	}
}
{Volume "piece1"
	{Box 1.03644 23.7176 23.4485}
	{Bone "piece1"}
	{Position 0	0	0}
}
{Volume "piece2"
	{Box 1.02502 24.1599 23.4485}
	{Bone "piece2"}
}
{Volume "piece3"
	{Box 1.03009 26.0229 23.4485}
	{Bone "piece3"}
}
{Volume "piece4"
	{Box 44.7245 56.2146 2.95276}
	{Bone "piece4"}
	{Matrix34
		0.965926	0	0.258819
		0	1	0
		-0.258819	0	0.965926
		-1.56391	0	-1.01765
	}
}
{Volume "piece5"
	{Box 43.4208 58.6451 2.95276}
	{Bone "piece5"}
	{Matrix34
		0.965926	0	0.258819
		0	1	0
		-0.258819	0	0.965926
		-1.56391	0	-1.06492
	}
}
{Volume "piece6"
	{Box 44.5619 54.5457 2.95276}
	{Bone "piece6"}
	{Matrix34
		0.965926	0	0.258819
		0	1	0
		-0.258819	0	0.965926
		-1.56391	0	-1.03615
	}
}
{Volume "piece7"
	{Box 1.12143 68.0553 39.6276}
	{Bone "piece7"}
	{Position 0	0	0}
}
{Volume "piece8"
	{Box 1.1059 50.3688 36.8177}
	{Bone "piece8"}
}
{Volume "piece9"
	{Box 1.02921 27.4604 23.4484}
	{Bone "piece9"}
	{Position 0	0	0}
}
