;Exported by: Timosh
;Date:        Wed Oct 11 08:50:28 2023
;File:        G:\?????? ? Pheonix\??????????????\??????\????????\F-15E\F-15E ?? Parvis Rassulov\F15E Strike EAGLE final x.max
{Skeleton
	{bone "basis"
		{Orientation
			1	0	0
			0	-1	0
			0	0	1
		}
		{bone "pivot_back"
			{Position -12.1534	0	0}
			{bone "supportleft"
				{parameters "support;"}
				{Position -3.79563	27.0753	8.9627}
			}
			{bone "supportright"
				{parameters "support;"}
				{Position -3.79562	-26.1905	9.28289}
			}
		}
		{bone "pivot_front"
			{Position 90.9438	0	0}
			{bone "supportfront"
				{parameters "support;"}
				{Position -0.0752869	0	5.11673}
			}
		}
		{bone revolute "rudder_proj"
			{limits -20 20}
			{speed 0.04}
			{Matrix34
				1	0	0
				0	-1	0
				0	0	-1
				30.0792	0	1.02293
			}
			{bone revolute "elevator_proj"
				{limits -20 20}
				{speed 0.04}
				{Matrix34
					1	0	0
					0	0	1
					0	-1	0
					2.77382	0	0
				}
			}
		}
		{bone "body"
			{parameters "ID=body;"}
			{Matrix34
				0	1	0
				-1	0	0
				0	0	1
				10.0677	0	73.3268
			}
			{VolumeView "body.ply"}
			{bone "emit1"
				{parameters "Group=crew;"}
				{Matrix34
					-1	0	0
					0	-1	0
					0	0	1
					27.8048	-107.593	-73.3268
				}
			}
			{bone "visor_radarx"
				{Matrix34
					0	-1	0
					1	0	0
					0	0	1
					0	-206.624	-35.6273
				}
			}
			{bone "visor_driver"
				{Matrix34
					0	-1	0
					1	0	0
					0	0	1
					0	-149.191	-11.4152
				}
			}
			{bone "flare2_shooter"
				{Matrix34
					0	-0.866025	-0.5
					1	0	0
					0	-0.5	0.866025
					-22.2465	-18.7158	-48.2345
				}
			}
			{bone revolute "gun_rot1"
				{limits -5 2}
				{speed 0.03}
				{Matrix34
					0	-1	0
					1	0	0
					0	0	1
					-33.0605	-54.894	-23.7823
				}
				{bone revolute "gun_rot"
					{limits -5 5}
					{speed 0.03}
					{Matrix34
						1	0	0
						0	0	-1
						0	1	0
						0.618073	0	0.0580482
					}
					{bone "foresight1"
						{Matrix34
							1	0	0
							0	0	1
							0	-1	0
							-0.973618	-0.209049	0.111053
						}
					}
				}
			}
			{bone revolute "foresight_flare_1a"
				{speed 1}
				{Matrix34
					0	-1	0
					1	0	0
					0	0	1
					-3.52655	42.437	-58.8613
				}
				{bone revolute "foresight_flare_1"
					{speed 1}
					{Position 0	0	-1.80884}
				}
			}
			{bone "fxfire_body_4"
				{Matrix34
					0	-1	0
					1	0	0
					0	0	1
					-42.4421	45.0447	-24.2584
				}
			}
			{bone "fxfire_body_3"
				{Matrix34
					0	-1	0
					1	0	0
					0	0	1
					43.1451	37.5882	-23.1269
				}
			}
			{bone "fxfire_body_1"
				{Matrix34
					0	-1	0
					1	0	0
					0	0	1
					-14.1709	70.352	-28.3923
				}
			}
			{bone "fxsmoke3"
				{Matrix34
					0	-1	0
					1	0	0
					0	0	1
					16.7578	97.2464	-25.1865
				}
			}
			{bone "fxsmoke2"
				{Matrix34
					0	-1	0
					1	0	0
					0	0	1
					-9.47674	37.4423	-25.8042
				}
			}
			{bone "fxsmoke1"
				{Matrix34
					0	-1	0
					1	0	0
					0	0	1
					-0.963684	-7.29292	-22.7522
				}
			}
			{bone "fxfire_body_2"
				{Matrix34
					0	-1	0
					1	0	0
					0	0	1
					-1.05084	-55.5455	-13.0294
				}
			}
			{bone "wheel_front_support"
				{parameters "ID=body;"}
				{Matrix34
					0	-1	0
					1	0	0
					0	0	1
					0.264535	-83.5237	-41.0624
				}
				{VolumeView "wheel_front_support.ply"}
				{bone revolute "steer_l"
					{parameters "ID=body;"}
					{limits -25 25}
					{speed 0.07}
					{Matrix34
						-1	0	0
						0	1	0
						0	0	-1
						-0.0424881	-0.214876	-14.5776
					}
					{VolumeView "steer_l.ply"}
					{bone revolute "wheel_front"
						{parameters "ID=wheel_front;Wheelradius=0.2;"}
						{Matrix34
							-1	0	0
							0	0	1
							0	1	0
							2.55497	0.0670016	12.0921
						}
						{VolumeView "wheel_front.ply"}
					}
					{bone "fxtracefront"
						{Matrix34
							-1	0	0
							0	1	0
							0	0	-1
							2.94985	0	17.6909
						}
					}
				}
				{bone "headlightr"
					{Matrix34
						0.996195	0	-0.0871557
						0	1	0
						0.0871557	0	0.996195
						5.69165	-0.394249	-10.0515
					}
				}
				{bone "headlightl"
					{Matrix34
						0.996195	0	-0.0871557
						0	1	0
						0.0871557	0	0.996195
						3.94292	-0.26992	-13.113
					}
				}
				{bone "fxlight"
					{Matrix34
						0.996195	0	-0.0871557
						0	1	0
						0.0871557	0	0.996195
						5.68761	-0.0401077	-10.0974
					}
				}
			}
			{bone "wheel_right_support"
				{parameters "ID=body;"}
				{Position -23.0427	25.4955	-43.3144}
				{VolumeView "wheel_right_support.ply"}
				{bone "fxtraceright"
					{Matrix34
						0	-1	0
						1	0	0
						0	0	1
						-2.58676	-0.0995426	-29.3248
					}
				}
				{bone revolute "wheel_right"
					{parameters "ID=body;"}
					{Matrix34
						0	-1	0
						0	0	-1
						1	0	0
						-3.16512	0.400084	-21.1567
					}
					{VolumeView "wheel_right.ply"}
				}
				{bone "wheel_right_support1"
					{parameters "ID=body;"}
					{Position 0	-1.94043	-6.84002}
					{VolumeView "wheel_right_support1.ply"}
				}
			}
			{bone "wheel_left_support"
				{parameters "ID=body;"}
				{Position 23.0728	25.4955	-43.3144}
				{VolumeView "wheel_left_support.ply"}
				{bone "fxtraceleft"
					{Matrix34
						0	-1	0
						1	0	0
						0	0	1
						4.00816	0.532348	-29.3248
					}
				}
				{bone revolute "wheel_left"
					{parameters "ID=body;"}
					{Matrix34
						0	-1	0
						0	0	-1
						1	0	0
						3.25744	0.408544	-21.1567
					}
					{VolumeView "wheel_left.ply"}
				}
				{bone "wheel_left_support1"
					{parameters "ID=body;"}
					{Position 0	-1.94043	-6.84002}
					{VolumeView "wheel_left_support1.ply"}
				}
			}
			{bone "scoop"
				{parameters "ID=body;"}
				{Matrix34
					0	-0.981627	-0.190809
					1	0	0
					0	-0.190809	0.981627
					0.142174	-60.5953	-38.6018
				}
				{VolumeView "scoop.ply"}
			}
			{bone "glass1"
				{parameters "ID=body;"}
				{Matrix34
					0	-1	0
					1	0	0
					0	0	1
					0.140701	-104.001	-7.894
				}
				{VolumeView "glass1.ply"}
			}
			{bone "catapult"
				{Matrix34
					0	-1	0
					1	0	0
					0	0	1
					0.39722	-113.574	-18.9951
				}
				{VolumeView "catapult.ply"}
				{bone "fx_eject"
					{Matrix34
						-0.819152	0	-0.573576
						0	1	0
						0.573576	0	-0.819152
						-7.11131	-0.343216	-6.73235
					}
				}
				{bone "driver"
					{Position 1.29178	0.434189	-13.8571}
				}
			}
			{bone "catapult1"
				{Matrix34
					0	-1	0
					1	0	0
					0	0	1
					0.397225	-83.8286	-18.9951
				}
				{VolumeView "catapult1.ply"}
				{bone "fx_eject1"
					{Matrix34
						-0.819152	0	-0.573576
						0	1	0
						0.573576	0	-0.819152
						-7.11131	-0.343216	-6.73235
					}
				}
				{bone "driver1"
					{Position 1.29178	0.434189	-13.8571}
				}
			}
			{bone "targpod_pylon"
				{parameters "ID=body;"}
				{Matrix34
					0	-1	0
					1	0	0
					0	0	1
					23.9375	-40.6446	-48.3033
				}
				{VolumeView "targpod_pylon.ply"}
			}
			{bone "lantirn_navpod"
				{parameters "ID=body;"}
				{Matrix34
					0	-1	0
					1	0	0
					0	0	1
					-24.5668	-42.8108	-51.5322
				}
				{VolumeView "lantirn_navpod.ply"}
				{bone "ols"
					{Position 15.8439	-0.52846	-0.016592}
				}
			}
			{bone "part2"
				{parameters "ID=body;"}
				{Matrix34
					1	0	0
					0	0	1
					0	-1	0
					0.140734	-80.3613	-42.9957
				}
				{VolumeView "part2.ply"}
			}
			{bone "part1"
				{parameters "ID=body;"}
				{Matrix34
					0	-0.999837	0.0180721
					1	0	0
					0	0.0180721	0.999837
					4.19687	-110.8	-41.9846
				}
				{VolumeView "part1.ply"}
				{bone "part1a"
					{parameters "ID=body;"}
					{Position 0.112366	-1.50304	0.732523}
					{VolumeView "part1a.ply"}
				}
			}
			{bone "ladder_cover"
				{parameters "ID=body;"}
				{Position 12.6645	-107.9	-32.7684}
				{VolumeView "ladder_cover.ply"}
			}
			{bone "ladder1"
				{parameters "ID=body;"}
				{Matrix34
					0	-1	0
					-1	0	0
					0	0	-1
					11.9364	-107.806	-23.1874
				}
				{VolumeView "ladder1.ply"}
				{bone "ladder2"
					{parameters "ID=body;"}
					{Position 1.52588e-05	0	1.20216}
					{VolumeView "ladder2.ply"}
					{bone "ladder3"
						{parameters "ID=body;"}
						{Position -1.52588e-05	0	0.950825}
						{VolumeView "ladder3.ply"}
					}
				}
			}
			{bone "air_brake1"
				{parameters "ID=body;"}
				{Position 0	-31.4907	-14.1479}
				{VolumeView "air_brake1.ply"}
			}
			{bone "air_brake2"
				{parameters "ID=body;"}
				{Matrix34
					1	0	0
					0	0.999859	-0.0168078
					0	0.0168078	0.999859
					0.140746	3.05061	-19.6941
				}
				{VolumeView "air_brake2.ply"}
				{bone "air_brake3"
					{parameters "ID=body;"}
					{Matrix34
						1	0	0
						0	0.264254	0.964453
						0	-0.964453	0.264254
						0	-1.60013	0.421108
					}
					{VolumeView "air_brake3.ply"}
				}
			}
			{bone "part3"
				{parameters "ID=body;"}
				{Matrix34
					0	-1	0
					1	0	0
					0	0	1
					-26.7565	2.63697	-47.9856
				}
				{VolumeView "part3.ply"}
			}
			{bone "part7"
				{parameters "ID=body;"}
				{Matrix34
					0	-1	0
					-0.422618	0	-0.906308
					0.906308	0	-0.422618
					-26.8238	20.8835	-48.0791
				}
				{VolumeView "part7.ply"}
			}
			{bone "part5"
				{parameters "ID=body;"}
				{Matrix34
					-0.12861	-0.991695	0
					0.991695	-0.12861	0
					0	0	1
					-6.59994	1.09894	-46.7758
				}
				{VolumeView "part5.ply"}
			}
			{bone "part6"
				{parameters "ID=body;"}
				{Matrix34
					0.124188	-0.992259	0
					0.992259	0.124188	0
					0	0	1
					6.8813	1.08865	-46.7591
				}
				{VolumeView "part6.ply"}
			}
			{bone "part4"
				{parameters "ID=body;"}
				{Matrix34
					0	-1	0
					1	0	0
					0	0	1
					27.0249	2.63697	-47.992
				}
				{VolumeView "part4.ply"}
			}
			{bone "part8"
				{parameters "ID=body;"}
				{Matrix34
					0	-1	0
					-0.422618	0	0.906308
					-0.906308	0	-0.422618
					27.1057	20.8835	-48.0799
				}
				{VolumeView "part8.ply"}
			}
			{bone "fonar"
				{Position -1.0651e-05	-62.5627	-7.86344}
				{bone "fonare"
					{parameters "ID=body;"}
					{Matrix34
						0	1	0
						-1	0	0
						0	0	1
						-1.08708e-05	0	0
					}
					{VolumeView "fonare.ply"}
					{bone "glasse"
						{parameters "ID=body;"}
						{Matrix34
							-1	0	0
							0	-1	0
							0	0	1
							-41.4379	-0.140734	-0.0305481
						}
						{VolumeView "glasse.ply"}
					}
				}
				{bone "fonarc"
					{parameters "ID=body;"}
					{Matrix34
						0	1	0
						-1	0	0
						0	0	1
						-1.08708e-05	0	0
					}
					{VolumeView "fonarc.ply"}
					{bone "glassc"
						{parameters "ID=body;"}
						{Matrix34
							-1	0	0
							0	-1	0
							0	0	1
							-41.4379	-0.140734	-0.0305481
						}
						{VolumeView "glassc.ply"}
					}
				}
			}
			{bone "cabin_c"
				{parameters "ID=body;"}
				{Position 0.140732	-89.5468	-13.3482}
				{VolumeView "cabin_c.ply"}
			}
			{bone "cabin_e"
				{parameters "ID=body;"}
				{VolumeView "cabin_e.ply"}
			}
			{bone "tailend_e"
				{parameters "ID=body;"}
				{Position 33.0102	162.615	-32.6454}
				{VolumeView "tailend_e.ply"}
			}
			{bone "tailtip_c"
				{parameters "ID=body;"}
				{Position 33.0102	163.518	-32.6454}
				{VolumeView "tailtip_c.ply"}
			}
			{bone "wingl1"
				{parameters "ID=wingl1;"}
				{Matrix34
					0	-1	0
					1	0	0
					0	0	1
					66.222	22.6697	-28.9151
				}
				{VolumeView "wingl1.ply"}
				{bone "flap1"
					{parameters "ID=wingl1;"}
					{Matrix34
						0	0.99934	-0.0363194
						-0.866025	-0.0181597	-0.49967
						-0.5	0.0314535	0.865454
						-51.5288	-8.28125	4.07388
					}
					{VolumeView "flap1.ply"}
				}
				{bone "wingl2"
					{parameters "ID=wingl2;"}
					{Position -39.0678	35.6814	2.56847}
					{VolumeView "wingl2.ply"}
					{bone revolute "aileron1"
						{parameters "ID=wingl2;"}
						{limits -35 20}
						{speed 0.07}
						{Matrix34
							-0.00597923	0.0160385	0.999854
							-0.937004	-0.349319	0
							0.349268	-0.936867	0.0171168
							-18.3793	-9.81123	0.617424
						}
						{VolumeView "aileron1.ply"}
					}
				}
				{bone "fxfire_wingl1_1"
					{Position -17.5424	-16.1141	6.23516}
				}
			}
			{bone "wingr1"
				{parameters "ID=wingr1;"}
				{Matrix34
					0	-1	0
					1	0	0
					0	0	1
					-67.3303	23.6413	-28.6975
				}
				{VolumeView "wingr1.ply"}
				{bone "flap2"
					{parameters "ID=wingr1;"}
					{Matrix34
						0	0.999354	0.0359504
						-0.866025	0.0179752	-0.499677
						-0.5	-0.031134	0.865466
						-50.5573	9.66687	3.85631
					}
					{VolumeView "flap2.ply"}
				}
				{bone "wingr2"
					{parameters "ID=wingr2;"}
					{Position -41.293	-36.0232	2.29723}
					{VolumeView "wingr2.ply"}
					{bone revolute "aileron2"
						{parameters "ID=wingr2;"}
						{limits -20 35}
						{speed 0.07}
						{Matrix34
							-0.0178793	-0.0478345	0.998695
							0.942044	-0.335489	0.000796165
							0.335013	0.940829	0.0510605
							-15.1837	11.5328	0.625103
						}
						{VolumeView "aileron2.ply"}
					}
				}
				{bone "fxfire_wingr1_1"
					{Matrix34
						1	0	0
						0	-1	0
						0	0	1
						-16.0813	18.1091	4.89535
					}
				}
			}
			{bone "tail2"
				{parameters "ID=tail_r;"}
				{Matrix34
					0	-1	0
					1	0	0
					0	0	1
					-34.3219	120.924	9.90018
				}
				{VolumeView "tail2.ply"}
				{bone revolute "rudder2"
					{parameters "ID=tail2;"}
					{limits -25 25}
					{speed 0.07}
					{Matrix34
						0.971876	0	0.235495
						0	1	0
						-0.235495	0	0.971876
						-9.66565	-0.00805664	-15.5976
					}
					{VolumeView "rudder2.ply"}
				}
				{bone "enumerator1"
					{Matrix34
						0.0868237	-0.996195	0.0075968
						0.996224	0.0868239	-0.000330117
						-0.000330999	0.00759602	0.999971
						7.55281	-2.72523	-27.5791
					}
					{VolumeView "enumerator1.ply"}
				}
			}
			{bone "tail1"
				{parameters "ID=tail_l;"}
				{Matrix34
					0	-1	0
					1	0	0
					0	0	1
					34.599	119.551	9.70248
				}
				{VolumeView "tail1.ply"}
				{bone revolute "rudder1"
					{parameters "ID=tail1;"}
					{limits -25 25}
					{speed 0.07}
					{Matrix34
						0.971876	0	0.235495
						0	1	0
						-0.235495	0	0.971876
						-11.0388	0.00976563	-15.3999
					}
					{VolumeView "rudder1.ply"}
				}
				{bone "us_ecm"
					{parameters "ID=tail_l;"}
					{VolumeView "us_ecm.ply"}
				}
				{bone "japan_ecm"
					{parameters "ID=tail_l;"}
					{VolumeView "japan_ecm.ply"}
				}
				{bone "enumerator"
					{Matrix34
						0.067453	0.997705	0.00590219
						-0.997722	0.0674528	0.000199409
						-0.000198739	-0.00590145	0.999983
						0.857544	2.15234	-27.3302
					}
					{VolumeView "enumerator.ply"}
				}
			}
			{bone "sfb"
				{parameters "ID=body;"}
				{VolumeView "sfb.ply"}
			}
			{bone "f15c_addons"
				{parameters "ID=body;"}
				{Position -0.170527	26.437	-40.4545}
				{VolumeView "f15c_addons.ply"}
			}
			{bone revolute "aileron7"
				{limits -10 10}
				{speed 0.07}
				{Matrix34
					0	-1	0
					0	0	1
					-1	0	0
					35.6337	129.381	-33.3746
				}
				{bone revolute "elevator1"
					{parameters "ID=body;"}
					{limits -15 20}
					{speed 0.27}
					{Position 0	0	0}
					{VolumeView "elevator1.ply"}
				}
			}
			{bone revolute "aileron8"
				{limits -10 10}
				{speed 0.07}
				{Matrix34
					0	-1	0
					0	0	-1
					1	0	0
					-36.1349	129.381	-33.3746
				}
				{bone revolute "elevator2"
					{parameters "ID=body;"}
					{limits -15 20}
					{speed 0.27}
					{Matrix34
						1	0	0
						0	-1	0
						0	0	-1
						0	0	0
					}
					{VolumeView "elevator2.ply"}
				}
			}
			{bone "engine1"
				{parameters "ID=engine1;"}
				{Position 13.3611	134.837	-31.5573}
				{VolumeView "engine1.ply"}
				{bone "engine1_exhaust"
					{Matrix34
						0	1	0
						-1	0	0
						0	0	1
						0.243614	4.77356	-0.302879
					}
				}
			}
			{bone "engine2"
				{parameters "ID=engine2;"}
				{Position -13.0793	134.837	-31.5573}
				{VolumeView "engine2.ply"}
				{bone "engine2_exhaust"
					{Matrix34
						0	1	0
						-1	0	0
						0	0	1
						-0.376389	4.77359	-0.302879
					}
				}
			}
			{bone "ecm_emitter"
				{Matrix34
					0	-1	0
					1	0	0
					0	0	1
					-32.3845	168.865	-34.0848
				}
			}
			{bone "flare1_shooter"
				{Matrix34
					0	-0.866025	-0.5
					1	0	0
					0	-0.5	0.866025
					22.7766	-18.7158	-48.2345
				}
			}
			{bone "chaff1_shooter"
				{Matrix34
					0	-0.866025	-0.5
					1	0	0
					0	-0.5	0.866025
					18.62	-18.7158	-48.2345
				}
			}
			{bone "chaff2_shooter"
				{Matrix34
					0	-0.866025	-0.5
					1	0	0
					0	-0.5	0.866025
					-18.4012	-18.7158	-48.2345
				}
			}
			{bone "f15j_add_anten"
				{parameters "ID=body;"}
				{Matrix34
					0	-0.999386	-0.0350286
					0	-0.0350286	0.999386
					-1	0	0
					-29.0593	-54.8829	-31.4239
				}
				{VolumeView "f15j_add_anten.ply"}
			}
		}
	}
}
