;Exported by: Timosh
;Date:        Thu Nov  9 19:00:25 2023
;File:        G:\?????? ? Pheonix\??????????????\??????\?????? ? ???????\angar_military ?????????????\angar_military x 25.max
{Skeleton
	{bone "roof_14"
		{Orientation
			1	0	0
			0	-1	0
			0	0	1
		}
		{bone "piece1"
			{Matrix34
				0.996195	0	-0.0871557
				0	1	0
				0.0871557	0	0.996195
				0	-0.00313652	135.871
			}
			{VolumeView "piece1.ply"}
		}
		{bone "piece2"
			{Matrix34
				0.996195	0	-0.0871557
				0	1	0
				0.0871557	0	0.996195
				37.1639	-31.9088	133.83
			}
			{VolumeView "piece2.ply"}
		}
		{bone "piece3"
			{Matrix34
				0.996195	0	-0.0871557
				0	1	0
				0.0871557	0	0.996195
				-11.7925	-21.7313	140.299
			}
			{VolumeView "piece3.ply"}
		}
		{bone "piece4"
			{Matrix34
				0.996195	0	-0.0871557
				0	1	0
				0.0871557	0	0.996195
				72.9872	-25.0283	129.101
			}
			{VolumeView "piece4.ply"}
		}
		{bone "piece5"
			{Matrix34
				0.996195	0	-0.0871557
				0	1	0
				0.0871557	0	0.996195
				-9.05264	35.3976	139.933
			}
			{VolumeView "piece5.ply"}
		}
		{bone "piece6"
			{Position 2.77798	0.0197105	114.278}
			{VolumeView "piece6.ply"}
		}
		{bone "piece7"
			{Matrix34
				0.996195	0	-0.0871557
				0	1	0
				0.0871557	0	0.996195
				34.9449	17.8394	134.124
			}
			{VolumeView "piece7.ply"}
		}
		{bone "piece8"
			{Matrix34
				0.996195	0	-0.0871557
				0	1	0
				0.0871557	0	0.996195
				8.55598	-67.2994	137.61
			}
			{VolumeView "piece8.ply"}
		}
	}
}
{Volume "piece1"
	{Box 118.058 4.01201 7.08768}
	{Bone "piece1"}
	{Position -0.0106812	0	-0.0068512}
}
{Volume "piece2"
	{Box 23.5929 23.7176 4.83597}
	{Bone "piece2"}
	{Position -7.62939e-05	0	0}
}
{Volume "piece3"
	{Box 61.9926 44.0701 6.52496}
	{Bone "piece3"}
	{Position 0.000480652	0	-0.00610352}
}
{Volume "piece4"
	{Box 33.6895 71.2456 5.28534}
	{Bone "piece4"}
	{Position -0.000305176	0	0.00111389}
}
{Volume "piece5"
	{Box 48.0326 63.6471 5.90813}
	{Bone "piece5"}
	{Position 6.86646e-05	0	-0.00234222}
}
{Volume "piece6"
	{Box 107.336 3.97886 2.06733}
	{Bone "piece6"}
	{Position 0	0	0}
}
{Volume "piece7"
	{Box 45.2176 52.4108 5.78558}
	{Bone "piece7"}
	{Position -0.000228882	0	-4.57764e-05}
}
{Volume "piece8"
	{Box 62.4031 39.8481 6.54596}
	{Bone "piece8"}
	{Position 0.000259399	0	-0.00411987}
}
