;Exported by: Timosh
;Date:        Thu Nov  9 19:00:30 2023
;File:        G:\?????? ? Pheonix\??????????????\??????\?????? ? ???????\angar_military ?????????????\angar_military x 25.max
{Skeleton
	{bone "roof_07"
		{Orientation
			1	0	0
			0	-1	0
			0	0	1
		}
		{bone "piece1"
			{Matrix34
				0.996195	0	0.0871557
				0	1	0
				-0.0871557	0	0.996195
				-6.52734	-0.0231705	133.675
			}
			{VolumeView "piece1.ply"}
		}
		{bone "piece2"
			{Matrix34
				0.996195	0	0.0871557
				0	1	0
				-0.0871557	0	0.996195
				-36.0495	21.721	132.524
			}
			{VolumeView "piece2.ply"}
		}
		{bone "piece3"
			{Matrix34
				0.996195	0	0.0871557
				0	1	0
				-0.0871557	0	0.996195
				8.59593	28.7799	138.597
			}
			{VolumeView "piece3.ply"}
		}
		{bone "piece4"
			{Matrix34
				0.996195	0	0.0871557
				0	1	0
				-0.0871557	0	0.996195
				4.52705	-27.1753	138.045
			}
			{VolumeView "piece4.ply"}
		}
		{bone "piece5"
			{Matrix34
				0.996195	0	0.0871557
				0	1	0
				-0.0871557	0	0.996195
				-48.4493	-28.4919	130.858
			}
			{VolumeView "piece5.ply"}
		}
		{bone "piece6"
			{Position 0	0.00481415	113.852}
			{VolumeView "piece6.ply"}
		}
	}
}
{Volume "piece1"
	{Box 98.8739 3.95258 6.56725}
	{Bone "piece1"}
	{Position -2.28882e-05	0	0}
}
{Volume "piece2"
	{Box 62.5577 47.7144 6.75751}
	{Bone "piece2"}
	{Position -0.164383	0	0.0222168}
}
{Volume "piece3"
	{Box 50.5277 49.6986 6.17551}
	{Bone "piece3"}
	{Position 0.000236511	0	-3.05176e-05}
}
{Volume "piece4"
	{Box 52.3285 58.1582 6.2619}
	{Bone "piece4"}
	{Position 0.000259399	0	-3.05176e-05}
}
{Volume "piece5"
	{Box 53.5943 44.359 6.33607}
	{Bone "piece5"}
	{Position -0.0783386	0	0.0147171}
}
{Volume "piece6"
	{Box 111.479 3.9893 2.07317}
	{Bone "piece6"}
	{Position 0	0	0}
}
