;Exported by: Dmitrii Kovalchuck(aka Alex_Borg)
;Date:        Sun Jul 21 13:58:21 2019
;File:        C:\Users\Dmitrii Kovalchuck\Desktop\2019_WORK\Шушпанзер\kamaz4_xx.max
{Skeleton
	{bone "basis"
		{parameters "Wheelradius=0.6;SteerMax=30;"}
		{Orientation
			1	0	0
			0	-1	0
			0	0	1
		}
		{bone "body"
			{parameters "ID=body;"}
			{animation
				{sequence "break" {file "body_b.anm"} {speed 0.8}}
			}
			{Matrix34
				0.999829	0.00378426	-0.0181003
				-0.00355262	0.999912	0.0128128
				0.0181472	-0.0127463	0.999754
				1.60621	-0.978144	31.8787
			}
			{VolumeView "body.ply"}
			{bone "cabin"
				{parameters "ID=cabin;"}
				{Position 48.3548	0	7.47329}
				{VolumeView "cabin.ply"}
				{bone "fxfire1"
					{Matrix34
						0	1	0
						-1	0	0
						0	0	1
						-15.2582	0.38293	-16.755
					}
				}
			}
			{bone "bodyback"
				{parameters "ID=bodyback;"}
				{Position -19.2465	3.91006e-005	7.69396}
				{VolumeView "bodyback.ply"}
				{bone "shieldr8"
					{parameters "ID=shieldr8;"}
					{Position 17.7657	0.296439	-2.28617}
					{VolumeView "shieldr8.ply"}
					{bone "shieldl2"
						{parameters "ID=shieldL2;"}
						{animation
							{sequence "break" {file "shieldl2_b.anm"}}
						}
						{Matrix34
							0.996311	0	0.0858158
							0	1	0
							-0.0858158	0	0.996311
							-37.8743	25.6696	-25.2613
						}
						{VolumeView "shieldl2.ply"}
					}
					{bone "shieldr3"
						{parameters "ID=shieldR3;"}
						{animation
							{sequence "break" {file "shieldr3_b.anm"}}
						}
						{Matrix34
							0.997714	0	-0.0675756
							0.0136205	0.979476	0.201098
							0.0661887	-0.201559	0.977238
							8.7538	-23.7358	-21.2698
						}
						{VolumeView "shieldr3.ply"}
					}
					{bone "shieldr1"
						{parameters "ID=shieldR1;"}
						{Position -20.44	-24.6164	0.161453}
						{VolumeView "shieldr1.ply"}
					}
					{bone "shieldr4"
						{parameters "ID=shieldR4;"}
						{animation
							{sequence "break" {file "shieldr4_b.anm"}}
						}
						{Matrix34
							0.985411	0	-0.170189
							0	1	0
							0.170189	0	0.985411
							34.4976	-25.8044	0.161457
						}
						{VolumeView "shieldr4.ply"}
					}
					{bone "shieldr6"
						{parameters "ID=shieldR6;"}
						{Position 73.5587	0	-12.048}
						{VolumeView "shieldr6.ply"}
					}
					{bone "shieldr5"
						{parameters "ID=shieldR5;"}
						{Position 73.4895	-12.6787	-0.272575}
						{VolumeView "shieldr5.ply"}
					}
					{bone "shieldl5"
						{parameters "ID=shieldL5;"}
						{Position 73.4895	12.7723	-0.272575}
						{VolumeView "shieldl5.ply"}
					}
					{bone "shieldl4"
						{parameters "ID=shieldL4;"}
						{animation
							{sequence "break" {file "shieldl4_b.anm"}}
						}
						{Matrix34
							-0.977676	-0.000506899	0.210116
							0.000518473	-1	0
							0.210116	0.000108941	0.977676
							35.029	26.1618	0.161457
						}
						{VolumeView "shieldl4.ply"}
					}
					{bone "shieldl1"
						{parameters "ID=shieldL1;"}
						{Position -20.44	24.6164	0.161461}
						{VolumeView "shieldl1.ply"}
					}
					{bone "shieldl3"
						{parameters "ID=shieldL3;"}
						{animation
							{sequence "break" {file "shieldl3_b.anm"}}
						}
						{Matrix34
							0.99554	0	-0.0943414
							0	1	0
							0.0943414	0	0.99554
							8.7538	25.275	-23.0882
						}
						{VolumeView "shieldl3.ply"}
					}
					{bone "shieldr2"
						{parameters "ID=shieldR2;"}
						{animation
							{sequence "break" {file "shieldr2_b.anm"}}
						}
						{Matrix34
							0.99756	-0.007776	-0.0693748
							0	0.993776	-0.111394
							0.0698093	0.111122	0.991352
							-37.8743	-26.0935	-24.6745
						}
						{VolumeView "shieldr2.ply"}
					}
					{bone "shieldl6"
						{parameters "ID=shieldL6;"}
						{Position -71.1689	0	0.727909}
						{VolumeView "shieldl6.ply"}
					}
					{bone "shieldl7"
						{parameters "ID=shieldL7;"}
						{animation
							{sequence "break" {file "shieldl7_b.anm"}}
						}
						{Matrix34
							0.964951	-0.0972465	-0.243747
							0.124985	0.987003	0.101013
							0.230756	-0.127937	0.964564
							-71.7815	16.7079	-22.6526
						}
						{VolumeView "shieldl7.ply"}
					}
					{bone "shieldr7"
						{parameters "ID=shieldR7;"}
						{animation
							{sequence "break" {file "shieldr7_b.anm"}}
						}
						{Matrix34
							0.977858	-0.144426	-0.15144
							0.12587	0.984048	-0.125721
							0.167181	0.103875	0.980439
							-71.7815	-16.8005	-21.4505
						}
						{VolumeView "shieldr7.ply"}
					}
				}
				{bone "attach_gun1"
					{Matrix34
						-0.999999	0.00141159	-1.99061e-005
						-0.00141159	-0.999999	3.10307e-005
						-2.00234e-005	3.09637e-005	1
						-8.54497	-0.151621	-8.57822
					}
				}
				{bone "attach_flag"
					{Matrix34
						-0.149474	0.939958	-0.306817
						-0.987664	-0.127296	0.0911849
						0.0466531	0.316662	0.94739
						54.6411	18.5874	-9.36966
					}
				}
			}
		}
		{bone "pivot_front"
			{parameters "ID=body;"}
			{Matrix34
				-0.00355331	0.999994	0
				-0.999994	-0.00355331	0
				0	0	1
				41.0761	-0.837881	11.7664
			}
			{VolumeView "pivot_front.ply"}
			{bone revolute "steer_l1"
				{parameters "ID=body;"}
				{Matrix34
					-0.00112836	-0.999999	0
					-0.999999	0.00112836	0
					0	0	-1
					16.8999	-2.6749	-0.546679
				}
				{bone revolute "wheell1"
					{parameters "ID=wheelleft1;"}
					{Matrix34
						0	-0.00220139	-0.999998
						0.999999	-0.0011503	0
						-0.0011503	-0.999997	0.00220139
						-0.360493	-4.80368	-0.516667
					}
					{VolumeView "wheell1.ply"}
				}
			}
			{bone revolute "steer_r1"
				{parameters "ID=body;"}
				{Matrix34
					-0.00112836	-0.999999	0
					-0.999999	0.00112836	0
					0	0	-1
					-16.4419	-2.6749	-0.546679
				}
				{bone revolute "wheelr1"
					{parameters "ID=wheelright1;"}
					{Matrix34
						0	-0.00220139	-0.999998
						0.999999	-0.0011503	0
						-0.0011503	-0.999997	0.00220139
						-0.349033	5.34298	-0.516673
					}
					{VolumeView "wheelr1.ply"}
				}
			}
		}
		{bone "pivot_back"
			{parameters "ID=body;"}
			{Matrix34
				0.999994	0.00355291	0
				-0.00355291	0.999994	0
				0	0	1
				-34.0992	-1.10495	14.6017
			}
			{VolumeView "pivot_back.ply"}
			{bone revolute "spring_l"
				{parameters "ID=body;"}
				{Matrix34
					0	1	0
					-1	0	0
					0	0	1
					19.6233	15.1935	-5.17607
				}
				{bone revolute "wheell2"
					{parameters "ID=wheelleft2;"}
					{Matrix34
						0	-0.00220172	0.999998
						0	-0.999997	-0.00220172
						1	0	0
						6.51051	6.84956	2.31068
					}
					{VolumeView "wheell2.ply"}
				}
				{bone revolute "wheell3"
					{parameters "ID=wheelleft3;"}
					{Matrix34
						0	-0.00220172	0.999998
						0	-0.999997	-0.00220172
						1	0	0
						6.51051	32.4158	2.31068
					}
					{VolumeView "wheell3.ply"}
				}
			}
			{bone revolute "spring_r"
				{parameters "ID=body;"}
				{Matrix34
					0	1	0
					-1	0	0
					0	0	1
					19.6233	-14.9476	-4.89203
				}
				{bone revolute "wheelr2"
					{parameters "ID=wheelright2;"}
					{Matrix34
						0	-0.00220172	0.999998
						0	-0.999997	-0.00220172
						1	0	0
						-6.8369	6.84956	2.02664
					}
					{VolumeView "wheelr2.ply"}
				}
				{bone revolute "wheelr3"
					{parameters "ID=wheelright3;"}
					{Matrix34
						0	-0.00220172	0.999998
						0	-0.999997	-0.00220172
						1	0	0
						-6.8369	32.4158	2.02664
					}
					{VolumeView "wheelr3.ply"}
				}
			}
		}
	}
}
{Volume "body"
	{Box 28.7628 132.309 10.897}
	{Bone "body"}
	{Matrix34
		0	1	0
		-1	0	0
		0	0	1
		-4.577	0.212929	-14.6383
	}
}
{Volume "bodyback"
	{Polyhedron "bodyback.vol"}
	{Bone "bodyback"}
	{Matrix34
		0	1	0
		-1	0	0
		0	0	1
		-4.64268	0.00744176	-16.461
	}
}
{Volume "cabin"
	{Polyhedron "cabin.vol"}
	{Bone "cabin"}
	{Matrix34
		0	1	0
		-1	0	0
		0	0	1
		4.59869	0.00749207	-27.0572
	}
}
{Volume "engine"
	{Box 22.1786 10.5675 13.9595}
	{Bone "body"}
	{Matrix34
		1	0	0
		0	0	1
		0	-1	0
		39.227	1.12445	-10.543
	}
}
{Volume "fuel"
	{Box 10.8955 13.6557 8.08885}
	{Bone "body"}
	{Matrix34
		0	1	0
		-1	0	0
		0	0	1
		8.1243	13.6429	-14.2701
	}
}
{Volume "shieldl1"
	{Polyhedron "shieldl1.vol"}
	{Bone "shieldl1"}
	{Matrix34
		1	0	0
		0	0	1
		0	-1	0
		-2.01147	-0.309717	-0.532211
	}
}
{Volume "shieldl2"
	{Polyhedron "shieldl2.vol"}
	{Bone "shieldl2"}
	{Matrix34
		1	0	0
		0	0	1
		0	-1	0
		0.0186386	1.03479	-0.0822353
	}
}
{Volume "shieldl3"
	{Box 35.2398 17.7122 0.922509}
	{Bone "shieldl3"}
	{Matrix34
		1	0	0
		0	0	1
		0	-1	0
		-0.00554562	0.30591	0.0748405
	}
}
{Volume "shieldl4"
	{Polyhedron "shieldl4.vol"}
	{Bone "shieldl4"}
	{Matrix34
		-0.999898	0.0142614	0
		0	0	1
		0.0142614	0.999898	0
		-17.5053	-0.066143	-0.300041
	}
}
{Volume "shieldl5"
	{Polyhedron "shieldl5.vol"}
	{Bone "shieldl5"}
	{Matrix34
		0	1	0
		-1	0	0
		0	0	1
		-6.1412	-0.299205	-0.761864
	}
}
{Volume "shieldl6"
	{Box 48.155 28.5978 1.29151}
	{Bone "shieldl6"}
	{Matrix34
		0	-1	0
		0.457404	0	0.889259
		-0.889259	0	0.457404
		-1.11898	-0.672817	0.380172
	}
}
{Volume "shieldl7"
	{Box 16.9742 20.8487 0.738008}
	{Bone "shieldl7"}
	{Matrix34
		0	-1	0
		-0.518063	0	0.855342
		-0.855343	0	-0.518063
		0.244999	-0.0378799	-0.437221
	}
}
{Volume "shieldr1"
	{Polyhedron "shieldr1.vol"}
	{Bone "shieldr1"}
	{Matrix34
		1	0	0
		0	0	1
		0	-1	0
		-2.01147	-0.461861	-0.532204
	}
}
{Volume "shieldr2"
	{Polyhedron "shieldr2.vol"}
	{Bone "shieldr2"}
	{Matrix34
		1	0	0
		0	0	1
		0	-1	0
		0.0186539	-0.275398	-0.0822344
	}
}
{Volume "shieldr3"
	{Box 35.2398 17.7122 0.922509}
	{Bone "shieldr3"}
	{Matrix34
		1	0	0
		0	0	1
		0	-1	0
		-0.00554753	-0.145171	0.0748443
	}
}
{Volume "shieldr4"
	{Polyhedron "shieldr4.vol"}
	{Bone "shieldr4"}
	{Matrix34
		1	0	0
		0	0	1
		0	-1	0
		18.1583	0.512405	-0.495098
	}
}
{Volume "shieldr5"
	{Polyhedron "shieldr5.vol"}
	{Bone "shieldr5"}
	{Matrix34
		0	1	0
		-1	0	0
		0	0	1
		-6.1412	0.59344	-0.76186
	}
}
{Volume "shieldr6"
	{Polyhedron "shieldr6.vol"}
	{Bone "shieldr6"}
	{Matrix34
		0	1	0
		-1	0	0
		0	0	1
		-2.86598	-0.172822	-13.3131
	}
}
{Volume "shieldr7"
	{Box 16.9742 20.8487 0.738008}
	{Bone "shieldr7"}
	{Matrix34
		0	-1	0
		-0.518063	0	0.855342
		-0.855343	0	-0.518063
		0.245006	-0.324837	-0.437213
	}
}
{Volume "wheelleft1"
	{Polyhedron "wheelleft1.vol"}
	{Bone "wheell1"}
	{Matrix34
		0.00220136	0.999998	0
		0.999998	-0.00220136	0
		0	0	-1
		0	0	0
	}
}
{Volume "wheelleft2"
	{Polyhedron "wheelleft2.vol"}
	{Bone "wheell2"}
	{Orientation
		0.00220136	0.999998	0
		0.999998	-0.00220136	0
		0	0	-1
	}
}
{Volume "wheelleft3"
	{Polyhedron "wheelleft3.vol"}
	{Bone "wheell3"}
	{Orientation
		0.00220136	0.999998	0
		0.999998	-0.00220136	0
		0	0	-1
	}
}
{Volume "wheelright1"
	{Polyhedron "wheelright1.vol"}
	{Bone "wheelr1"}
	{Matrix34
		0.00220136	0.999998	0
		0.999998	-0.00220136	0
		0	0	-1
		0	0	0
	}
}
{Volume "wheelright2"
	{Polyhedron "wheelright2.vol"}
	{Bone "wheelr2"}
	{Matrix34
		0.00220136	0.999998	0
		0.999998	-0.00220136	0
		0	0	-1
		0	0	0
	}
}
{Volume "wheelright3"
	{Polyhedron "wheelright3.vol"}
	{Bone "wheelr3"}
	{Orientation
		0.00220136	0.999998	0
		0.999998	-0.00220136	0
		0	0	-1
	}
}
