;MDL File generated by SOEdit Version Next (v0.7m4)
;Model created by: Admin
;Date: Fri Jan 15 14:50:52 2016
;File: D:\Documents and Settings\Admin\Ìîè äîêóìåíòû\3dsMax\scenes\Moderna\ac130.max
;Model create/rebuild by: MoCKBu4
;Last build date: Saturday 14 April 2023 [23:31:05]
{Skeleton
    {Animation
        {Sequence "wheels" {Speed 0.3}}
        {Sequence "engine_start"}
        {Sequence "engine_work" {Speed 1.7}}
        {Sequence "engine_stop" {Speed 3.0}}
    }
    {Bone "basis"
        {Parameters "SteerMax=30;Wheelradius=0.70;"}
        {Orientation
            1	0	0
            0	-1	0
            0	0	1
        }
        {Bone "pivot_front"
            {Matrix34
                1	0	0
                0	0	1
                0	-1	0
                171.839	-1.38363	0.0254002
            }
            {Bone "support1"
                {Position 0.0198975	4.50753	0}
            }
        }
        {Bone "pivot_back"
            {Matrix34
                1	0	0
                0	0	1
                0	-1	0
                -41.5499	-2.91027	-0.00557414
            }
            {Bone "support2"
                {Position 28.0919	4.56593	-39.0814}
            }
            {Bone "support3"
                {Position 28.1104	4.64975	46.0714}
            }
        }
        {Bone "emit1"
            {Matrix34
                0	-1	0
                1	0	0
                0	0	1
                147.334	53.8464	-0.13819
            }
        }
        {Bone "emit2"
            {Matrix34
                0	-1	0
                1	0	0
                0	0	1
                147.605	53.8065	-0.13819
            }
        }
        {Bone "body"
            {Parameters "ID=body;"}
            {Position -61.8337	2.16764	122.774}
            {VolumeView "body.ply"}
            {Bone "propeller_work_4"
                {Matrix34
                    0	1	0
                    -0.999977	0	-0.00685687
                    -0.00685687	0	0.999977
                    115.411	195.194	-39.4239
                }
                {Visibility 0}
                {VolumeView "propeller_work_4.ply"}
            }
            {Bone "propeller_work_3"
                {Matrix34
                    0	1	0
                    -0.999977	0	-0.00685687
                    -0.00685687	0	0.999977
                    116.241	95.1399	-45.6104
                }
                {Visibility 0}
                {VolumeView "propeller_work_3.ply"}
            }
            {Bone "propeller4"
                {Parameters "ID=propeller;"}
                {Matrix34
                    0	1	0
                    -0.999977	0	-0.00685639
                    -0.00685639	0	0.999977
                    119.54	195.055	-39.554
                }
                {VolumeView "propeller4.ply"}
            }
            {Bone "propeller3"
                {Parameters "ID=propeller;"}
                {Matrix34
                    0	1	0
                    -0.999977	0	-0.00685639
                    -0.00685639	0	0.999977
                    115.68	95.309	-45.3499
                }
                {VolumeView "propeller3.ply"}
            }
            {Bone "propeller_work_2"
                {Matrix34
                    0	1	0
                    -0.999977	0	-0.00685687
                    -0.00685687	0	0.999977
                    115.083	-94.9587	-45.3229
                }
                {Visibility 0}
                {VolumeView "propeller_work_2.ply"}
            }
            {Bone "propeller2"
                {Parameters "ID=propeller;"}
                {Matrix34
                    0	1	0
                    -0.999977	0	-0.00685639
                    -0.00685639	0	0.999977
                    115.566	-195.366	-39.5176
                }
                {VolumeView "propeller2.ply"}
            }
            {Bone "propeller_work_1"
                {Matrix34
                    0	1	0
                    -0.999977	0	-0.00685687
                    -0.00685687	0	0.999977
                    115.254	-195.493	-39.8462
                }
                {Visibility 0}
                {VolumeView "propeller_work_1.ply"}
            }
            {Bone "propeller1"
                {Parameters "ID=propeller;"}
                {Matrix34
                    0	1	0
                    -0.999977	0	-0.00685639
                    -0.00685639	0	0.999977
                    115.682	-95.3004	-45.3497
                }
                {VolumeView "propeller1.ply"}
            }
            {Bone "flare1_shooter"
                {Matrix34
                    -1	0	0
                    0	1	0
                    -0	0	-1
                    -3.68672	147.287	-45.39
                }
            }
            {Bone "flare2_shooter"
                {Matrix34
                    -1	0	-0
                    0	1	0
                    0	0	-1
                    -3.6267	-147.634	-45.3501
                }
            }
            {Bone "flare3_shooter"
                {Matrix34
                    -1	0	-0
                    0	1	0
                    0	0	-1
                    -219.237	1.26595	-41.6601
                }
            }
            {Bone "foresight_ltc"
                {Matrix34
                    -0.941905	0.014927	-0.335548
                    -0.0140614	-0.999889	-0.00500936
                    -0.335585	0	0.94201
                    -239.488	0.747397	-41.875
                }
            }
            {Bone "object08"
                {Position 196.458	0.000863075	-104.705}
                {VolumeView "object08.ply"}
            }
            {Bone "object03"
                {Position 29.4409	-48.8939	-93.1583}
                {VolumeView "object03.ply"}
            }
            {Bone "object19"
                {Position 28.0216	-30.4734	-104.864}
                {VolumeView "object19.ply"}
            }
            {Bone "object20"
                {Position 28.0211	30.4719	-106.368}
                {VolumeView "object20.ply"}
            }
            {Bone "object21"
                {Position 29.4399	48.8419	-93.261}
                {VolumeView "object21.ply"}
            }
            {Bone "wheel_back"
                {Position 222.587	0.00144529	-103.22}
                {VolumeView "wheel_back.ply"}
                {Bone "wheelf"
                    {Parameters "ID=wheelfront;"}
                    {Position -4.09039	1.04904e-05	-10.2917}
                    {VolumeView "wheelf.ply"}
                }
            }
            {Bone "retract_wheell"
                {Position 29.6218	34.6609	-100.889}
                {VolumeView "retract_wheell.ply"}
                {Bone "wheell1"
                    {Parameters "ID=wheelleft1;"}
                    {Position 15.1256	7.35916	-9.23313}
                    {VolumeView "wheell1.ply"}
                }
                {Bone "wheell2"
                    {Parameters "ID=wheelleft2;"}
                    {Position -15.4879	7.35887	-8.75506}
                    {VolumeView "wheell2.ply"}
                }
            }
            {Bone "retract_wheelr"
                {Position 30.1609	-33.6741	-100.889}
                {VolumeView "retract_wheelr.ply"}
                {Bone "wheelr1"
                    {Parameters "ID=wheelright1;"}
                    {Position 14.5874	-8.34692	-9.23312}
                    {VolumeView "wheelr1.ply"}
                }
                {Bone "wheelr2"
                    {Parameters "ID=wheelright2;"}
                    {Position -16.0261	-8.3473	-8.75506}
                    {VolumeView "wheelr2.ply"}
                }
            }
            {Bone revolute "turret3"
                {Parameters "ID=turret;"}
                {Limits -15 15}
                {Position 146.252	27.4386	-92.5725}
                {Bone revolute "gune_rot"
                    {Limits -30 30}
                    {Matrix34
                        0.0425305	0.99887	0.0208307
                        0.00628173	-0.0211169	0.999751
                        0.999074	-0.0423889	-0.00717277
                        0.27	-0.45	0.210001
                    }
                    {Bone "gun_rot3"
                        {Parameters "ID=gun;"}
                        {Matrix34
                            0.0945764	0.167693	0.981283
                            -0.0751937	-0.981684	0.175009
                            0.992674	-0.09034	-0.0802295
                            8.82214	1.80848	-1.97049
                        }
                        {VolumeView "gun_rot3.ply"}
                        {Bone "gun3"
                            {Parameters "ID=gun;"}
                            {Matrix34
                                0.954106	0	0.299468
                                -0.234218	-0.623133	0.746222
                                0.186609	-0.782116	-0.594535
                                0.77784	-0.213482	18.8652
                            }
                            {VolumeView "gun3.ply"}
                            {Bone "foresight4"
                                {Matrix34
                                    0.299467	0.746223	-0.594534
                                    -0.954106	0.234218	-0.186608
                                    0	0.623132	0.782117
                                    1.83001	4.37078	-3.24453
                                }
                            }
                        }
                    }
                }
                {Bone revolute "visor2"
                    {Matrix34
                        -0.0474552	0.998501	0.0271931
                        -0.998872	-0.0474375	-0.00129191
                        0	-0.0272238	0.999629
                        -0.772599	-0.8913	1.9676
                    }
                }
            }
            {Bone revolute "turret2"
                {Parameters "ID=turret;"}
                {Limits -15 15}
                {Position -13.3718	33.2291	-90.8625}
                {Bone revolute "gune_rot2"
                    {Limits -30 30}
                    {Matrix34
                        0.0425305	0.99887	0.0208307
                        0.00628173	-0.0211169	0.999751
                        0.999074	-0.0423889	-0.00717277
                        -0.0276489	1.05471	1.43888
                    }
                    {Bone "gun_rot2_"
                        {Parameters "ID=gun;"}
                        {Matrix34
                            -0.0608446	-0.0911388	-0.993976
                            0.170971	0.980152	-0.100337
                            0.983395	-0.176046	-0.0440546
                            0.142354	0.17471	-1.16112
                        }
                        {VolumeView "gun_rot2_.ply"}
                        {Bone "gun2"
                            {Parameters "ID=gun;"}
                            {Matrix34
                                0.997638	0	0.0686991
                                -0.0619867	-0.431122	0.900162
                                0.0296177	-0.902294	-0.430104
                                0.327271	-0.652203	17.5603
                            }
                            {VolumeView "gun2.ply"}
                            {Bone "foresight2"
                                {Matrix34
                                    0.0686989	0.900162	-0.430103
                                    -0.997638	0.0619866	-0.0296177
                                    0	0.431122	0.902294
                                    1.16961	15.6983	-7.22597
                                }
                            }
                        }
                    }
                }
                {Bone revolute "visor3"
                    {Matrix34
                        -0.0474552	0.998501	0.0271931
                        -0.998872	-0.0474375	-0.00129191
                        0	-0.0272238	0.999629
                        -0.772599	-0.8913	1.9676
                    }
                }
            }
            {Bone revolute "turret"
                {Parameters "ID=turret;"}
                {Limits -20 20}
                {Position -52.3625	34.5788	-90.8625}
                {Bone revolute "gune_rot3"
                    {Limits -20 20}
                    {Matrix34
                        0.0425305	0.99887	0.0208307
                        0.00628173	-0.0211169	0.999751
                        0.999074	-0.0423889	-0.00717277
                        -2.66249	9.6788	2.0375
                    }
                    {Bone "gun_rot"
                        {Parameters "ID=gun;"}
                        {Matrix34
                            0.0981069	0.0118961	0.995104
                            -0.112224	-0.993419	0.0229399
                            0.988829	-0.113925	-0.0961262
                            -15.7156	-8.55445	5.02866
                        }
                        {VolumeView "gun_rot.ply"}
                        {Bone "gun"
                            {Parameters "ID=gun;"}
                            {Matrix34
                                0.992522	-0.086152	0.0864759
                                -0.086152	0.00747792	0.996254
                                -0.0864759	-0.996254	0
                                1.08488	-12.2989	33.1568
                            }
                            {VolumeView "gun.ply"}
                            {Bone "foresight1"
                                {Matrix34
                                    0.0861463	0.992463	-0.0871553
                                    -0.996254	0.0864754	0
                                    0.00753724	0.0868288	0.996195
                                    2.43156	22.7049	-2.87634
                                }
                            }
                        }
                    }
                }
                {Bone revolute "visor4"
                    {Matrix34
                        0	1	0
                        -1	0	-0
                        -0	-0	1
                        2.0974	-1.9413	1.9676
                    }
                }
            }
            {Bone "driver"
                {Position 236.068	9.60339	-73.1336}
            }
            {Bone "commander"
                {Position 237.018	-9.6847	-73.2238}
            }
            {Bone "body_systems"
                {Position 43.0999	0.0199986	-67.77}
            }
            {Bone "wingl1"
                {Position 32.9001	-147.099	-32.2}
            }
            {Bone "wingr1"
                {Position 32.91	146.4	-32.13}
            }
            {Bone "enginea"
                {Position 65.8	-194.8	-41.9}
            }
            {Bone "engineb"
                {Position 65.8	-95.1999	-45.9}
            }
            {Bone "enginec"
                {Position 79.93	95.5701	-42.3}
            }
            {Bone "engined"
                {Position 82.13	195.97	-41.7}
            }
            {Bone "visor1"
                {Position 282.52	-3.6	-72.1601}
            }
        }
    }
}
{Volume "aileron1"
    {Box 20 120 4}
    {Bone "wingl1"}
    {Matrix34
        0.982097	0.101483	0.158685
        -0.0914887	0.993408	-0.0690835
        -0.164649	0.053329	0.984908
        -22.2	-177.6	6.71001
    }
}
{Volume "aileron2"
    {Box 20 125 4}
    {Bone "wingr1"}
    {Matrix34
        0.991894	-0.12689	-0.00665004
        0.127065	0.990534	0.0519117
        0	-0.052336	0.998629
        -16.9	176.5	6.2
    }
}
{Volume "wingl1"
    {Box 50 240 5}
    {Bone "wingl1"}
    {Matrix34
        0.999902	0.0139622	0
        -0.0139622	0.999902	0
        0	0	1
        1.9	3.20001	3.00001
    }
}
{Volume "wingr1"
    {Box 50 240 5}
    {Bone "wingr1"}
    {Position 1.2	-17.6001	2.79999}
}
{Volume "tail"
    {Box 35 6 100}
    {Bone "body"}
    {Position -231.3	0	26.4}
}
{Volume "fuel_tank_internal_a"
    {Box 50 80 8}
    {Bone "wingl1"}
    {Position -0.700001	-1.29998	-0.300001}
}
{Volume "fuel_tank_internal_b"
    {Box 50 50 20}
    {Bone "body_systems"}
    {Position 49.2	-0.700008	-27.1}
}
{Volume "fuel_tank_internal_c"
    {Box 50 80 8}
    {Bone "wingr1"}
    {Position 3.8	-4.5	-0.6}
}
{Volume "fuel_tank_internal_d"
    {Box 40 40 15}
    {Bone "body_systems"}
    {Position -20.6998	-0.8	-29.1}
}
{Volume "ammo_storage_autocannon"
    {Box 80 40 40}
    {Bone "turret"}
    {Position 27.4	-25.2	10.7}
}
{Volume "ammo_storage_autocannon1"
    {Box 40 40 40}
    {Bone "turret3"}
    {Position 0.799999	-23.4	12.1}
}
{Volume "enginea"
    {Cylinder 10 50}
    {Bone "enginea"}
    {Matrix34
        0	0	1
        0	1	0
        -1	0	0
        20.4	-1.9	-3.7
    }
}
{Volume "engineb"
    {Cylinder 10 50}
    {Bone "engineb"}
    {Matrix34
        0	0	1
        0	1	0
        -1	0	0
        20.2	-0.399999	-4.2
    }
}
{Volume "enginec"
    {Cylinder 10 50}
    {Bone "enginec"}
    {Matrix34
        -0	0	1
        0	1	0
        -1	0	-0
        4.4	0.0999999	-9.2
    }
}
{Volume "engined"
    {Cylinder 10 50}
    {Bone "engined"}
    {Matrix34
        0	0	1
        0	1	0
        -1	0	0
        2.9	-0.8	-3.6
    }
}
{Volume "electronics"
    {Box 25 15 10}
    {Bone "body_systems"}
    {Position 207.46	0.18	-17.2}
}
{Volume "hydrosystem"
    {Box 5 5 5}
    {Bone "body_systems"}
    {Position 187.43	0	-19.86}
}
{Volume "hydrosystem_tank"
    {Box 15 15 8}
    {Bone "wingl1"}
    {Position -7.4	53.07	-3.37}
}
{Volume "hydrosystem_tank1"
    {Box 15 15 8}
    {Bone "wingr1"}
    {Position 17.4	-51.1	-4.9}
}
{Volume "hydrosystem1"
    {Box 5 5 5}
    {Bone "body_systems"}
    {Position -29	-31.53	-18.2}
}
{Volume "hydrosystem2"
    {Box 5 5 5}
    {Bone "body_systems"}
    {Position 2.2	-31.64	-18.24}
}
{Volume "hydrosystem3"
    {Box 5 5 5}
    {Bone "body_systems"}
    {Position 1.1	32.03	-18.38}
}
{Volume "hydrosystem4"
    {Box 5 5 5}
    {Bone "body_systems"}
    {Position -29.2	32	-18.4}
}
{Volume "hydrosystem5"
    {Box 5 5 5}
    {Bone "wingl1"}
    {Position -17.3	-119.5	3.6}
}
{Volume "hydrosystem6"
    {Box 5 5 5}
    {Bone "wingr1"}
    {Position -15.6	108.1	4}
}
{Volume "ppu"
    {Box 10 50 10}
    {Bone "body_systems"}
    {Position 9.20001	1.02	-28.41}
}
{Volume "steering_eler_l"
    {Polyhedron "steering_eler_l.vol"}
    {Bone "body_systems"}
    {Matrix34
        0.886282	1.09719e-05	0.00289029
        -2.35571e-05	-0.265106	0.0237244
        7.9172e-06	-3.00198e-05	-0.00395548
        95.8999	-10.5	26.9
    }
}
{Volume "steering_eler_r"
    {Polyhedron "steering_eler_r.vol"}
    {Bone "body_systems"}
    {Matrix34
        0.987312	-0.134201	-0.0848256
        0.132578	0.990863	-0.0245106
        0.0873402	0.0129527	0.99609
        87.0999	8.59999	-10.3
    }
}
{Volume "steering_elev"
    {Polyhedron "steering_elev.vol"}
    {Bone "body_systems"}
    {Matrix34
        0.863661	0	-0.0478647
        0	1	0
        0.0365688	0	1.06316
        98.2999	0	-20.4
    }
}
{Volume "steering_rudder"
    {Polyhedron "steering_rudder.vol"}
    {Bone "body_systems"}
    {Matrix34
        0.825741	0	-0.0808374
        0	1	0
        0.0807619	0	1.09007
        104.4	0	-21.2
    }
}
{Volume "balancer"
    {Box 100 100 100}
    {Bone "body_systems"}
    {Position 353.6	-1.4	-5.4}
}
{Volume "body1"
    {Cylinder 45 80}
    {Bone "body"}
    {Matrix34
        0	1	0
        -0	-0	1
        1	-0	0
        220.4	0.0899995	-71.4101
    }
}
{Volume "body2"
    {Cylinder 40 200}
    {Bone "body"}
    {Matrix34
        -1.42492e-07	1	0
        0	0	-1
        -1	-1.42492e-07	0
        80.4	-2.4	-69.9
    }
}
{Volume "body3"
    {Cylinder 30 80}
    {Bone "body"}
    {Matrix34
        0	-0	1
        0	1	0
        -1	-0	0
        -57.2	0.4	-60
    }
}
{Volume "body4"
    {Box 70 50 40}
    {Bone "body"}
    {Matrix34
        1.30403	0	-0.564305
        -0.00415884	0.999945	-0.00961051
        0.424179	0.0111851	0.980221
        -142.4	-1.5	-46.6
    }
}
