;Exported by: Timosh
;Date:        Thu Nov  9 19:00:27 2023
;File:        G:\?????? ? Pheonix\??????????????\??????\?????? ? ???????\angar_military ?????????????\angar_military x 25.max
{Skeleton
	{bone "roof_19"
		{Orientation
			1	0	0
			0	-1	0
			0	0	1
		}
		{bone "piece1"
			{Matrix34
				0.996195	0	-0.0871557
				0	1	0
				0.0871557	0	0.996195
				-0.0120544	-0.00525665	135.62
			}
			{VolumeView "piece1.ply"}
		}
		{bone "piece2"
			{Matrix34
				0.996195	0	-0.0871557
				0	1	0
				0.0871557	0	0.996195
				55.743	3.13248	131.138
			}
			{VolumeView "piece2.ply"}
		}
		{bone "piece3"
			{Position 1.3	0.013649	114.281}
			{VolumeView "piece3.ply"}
		}
		{bone "piece4"
			{Matrix34
				0.996195	0	-0.0871557
				0	1	0
				0.0871557	0	0.996195
				-27.9051	-28.4306	142.19
			}
			{VolumeView "piece4.ply"}
		}
		{bone "piece5"
			{Matrix34
				0.996195	0	-0.0871557
				0	1	0
				0.0871557	0	0.996195
				21.1939	-8.16527	135.696
			}
			{VolumeView "piece5.ply"}
		}
		{bone "piece6"
			{Matrix34
				0.996195	0	-0.0871557
				0	1	0
				0.0871557	0	0.996195
				53.1127	-43.8477	131.482
			}
			{VolumeView "piece6.ply"}
		}
		{bone "piece7"
			{Matrix34
				0.996195	0	-0.0871557
				0	1	0
				0.0871557	0	0.996195
				-24.8071	17.8316	141.799
			}
			{VolumeView "piece7.ply"}
		}
	}
}
{Volume "piece1"
	{Box 116.082 4.00758 7.00677}
	{Bone "piece1"}
	{Position -3.05176e-05	0	0}
}
{Volume "piece2"
	{Box 23.593 27.2387 4.83842}
	{Bone "piece2"}
	{Position -0.00012207	1.52588e-05	-3.8147e-05}
}
{Volume "piece3"
	{Box 112.454 3.9908 2.07603}
	{Bone "piece3"}
	{Position 0	0	0}
}
{Volume "piece4"
	{Box 46.1513 42.3078 5.82794}
	{Bone "piece4"}
	{Position -0.0420914	-1.52588e-05	-0.0109863}
}
{Volume "piece5"
	{Box 44.5543 68.7979 5.75507}
	{Bone "piece5"}
	{Position -0.000213623	0	-1.52588e-05}
}
{Volume "piece6"
	{Box 56.5601 50.6796 6.28778}
	{Bone "piece6"}
	{Position -0.000366211	0	0.000595093}
}
{Volume "piece7"
	{Box 49.8316 39.7237 5.98991}
	{Bone "piece7"}
	{Position -0.164406	1.52588e-05	-0.0217056}
}
