;Exported by: Timosh
;Date:        Sun Mar 22 11:25:03 2020
;File:        G:\?????? ? Pheonix\??????????????\??? ??????\???????? Cyrus\?-30\d30A 1.max
{Skeleton
	{animation
		{sequence "close"}
		{sequence "recoil"}
	}
	{bone revolute "basis"
		{parameters "Wheelradius=0.5;"}
		{Orientation
			1	0	0
			0	-1	0
			0	0	1
		}
		{bone "body"
			{parameters "ID=Body;"}
			{Matrix34
				-0.999987	0	0.00513837
				0.00513837	0	0.999987
				0	1	0
				8.64874	-0.0392215	0.107075
			}
			{VolumeView "body.ply"}
			{bone revolute "turret"
				{parameters "ID=Turret;"}
				{Matrix34
					0.999971	-0.00756998	0
					0	0	-1
					0.00756998	0.999971	0
					-0.694427	10.0607	-0.0119017
				}
				{VolumeView "turret.ply"}
				{bone revolute "gun_rot"
					{parameters "ID=Gun_rot;"}
					{limits -5 45}
					{Matrix34
						0.999997	0	0.00243166
						-0.00243166	0	0.999997
						0	-1	0
						-9.00999	0.387357	10.196
					}
					{VolumeView "gun_rot.ply"}
					{bone "gun"
						{parameters "ID=Gun;"}
						{Matrix34
							1	0	0
							0	0	-1
							0	1	0
							45.1474	-1.59574	0.184821
						}
						{VolumeView "gun.ply"}
						{bone "fx_invers"
							{Matrix34
								-0.999993	-3.49837e-05	0.00365224
								-5.86469e-05	0.999979	-0.00647917
								-0.00365194	-0.00647935	-0.999972
								-47.3411	0.252284	-0.120035
							}
						}
						{bone "foresight1"
							{parameters "Vis;"}
							{Matrix34
								0.999993	9.28317e-05	-0.00365122
								5.89789e-05	0.999136	0.0415559
								0.00365193	-0.0415559	0.999129
								38.6913	0.487996	-0.283854
							}
						}
						{bone "fs1"
							{Matrix34
								5.85884e-05	0.999136	0.0415557
								-0.999993	-9.37244e-05	0.00366331
								0.00366404	-0.0415556	0.999129
								33.7422	3.48679	-0.168619
							}
						}
						{bone "fs2"
							{Matrix34
								-5.81993e-05	-0.999136	-0.0415559
								0.999993	9.37779e-05	-0.00365521
								0.00365595	-0.0415559	0.999129
								33.7421	-2.46106	-0.347042
							}
						}
						{bone "visor"
							{parameters "Vis;"}
							{Matrix34
								0.999999	2.09808e-05	-0.00121689
								0	0.999846	0.0175427
								0.00121707	-0.0175427	0.999845
								-25.1841	0.715337	9.40815
							}
						}
						{bone "link1"
							{Matrix34
								0.999999	0.000409126	-0.00121164
								-0.000387796	0.999846	0.0175527
								0.00121864	-0.0175522	0.999845
								43.0257	0.474034	-3.7667
							}
						}
						{bone "zatvor"
							{parameters "ID=Gun;"}
							{Position -43.6018	0.203284	0.675112}
							{VolumeView "zatvor.ply"}
						}
					}
				}
				{bone "sho"
					{parameters "ID=Sho;"}
					{Matrix34
						0.999997	0	0.00243187
						0	1	0
						-0.00243187	0	0.999997
						-3.2887	0.389236	2.95079
					}
					{VolumeView "sho.ply"}
					{bone revolute "wheell1"
						{parameters "ID=wheelleft;Support=1;Radius=0.5;"}
						{Matrix34
							-0.916376	0	0.400318
							-0.400318	0	-0.916376
							0	-1	0
							12.4055	17.9277	5.21847
						}
						{VolumeView "wheell1.ply"}
					}
					{bone revolute "wheelr"
						{parameters "ID=wheelright;Support=1;Radius=0.5;"}
						{Matrix34
							-1	0	0
							0	0	-1
							0	-1	0
							12.2056	-18.3692	5.06906
						}
						{VolumeView "wheelr.ply"}
					}
				}
				{bone "gunner"
					{Matrix34
						0.999933	0.0113165	0.00243139
						-0.0113165	0.999936	-2.76565e-05
						-0.00243155	0	0.999997
						-22.1245	13.1828	-9.76288
					}
				}
				{bone "commander"
					{Matrix34
						0.999917	0.0126315	0.00243139
						-0.0126315	0.99992	-3.05175e-05
						-0.00243158	0	0.999997
						-22.5372	-13.8858	-9.76388
					}
				}
			}
			{bone "standr"
				{parameters "ID=standr;"}
				{Matrix34
					0.999965	0.00831294	-0.000361443
					-0.00831446	0.999956	-0.00443028
					0.000324598	0.00443313	0.99999
					0.982116	7.21505	5.36917
				}
				{VolumeView "standr.ply"}
			}
			{bone "standl"
				{parameters "ID=standl;"}
				{Matrix34
					0.999829	0.0184729	-0.00036335
					-0.0184744	0.99982	-0.00445841
					0.000280924	0.00446436	0.99999
					1.17929	6.14192	-5.37783
				}
				{VolumeView "standl.ply"}
			}
			{bone "pivot_back"
				{Matrix34
					0.999987	-0.00513837	0
					0	0	-1
					0.00513837	0.999987	0
					-39.9585	0.614273	-0.487096
				}
			}
			{bone "pivot_front"
				{parameters "ID=body;"}
				{Matrix34
					0.999987	-0.00513837	0
					0	0	-1
					0.00513837	0.999987	0
					6.535	7.52766	-0.487094
				}
			}
			{bone "seat1"
				{Matrix34
					-0.0042601	-0.0044507	-0.999981
					-0.999877	-0.0150931	0.0043268
					-0.015112	0.999876	-0.00438586
					30.9994	-2.87676	-11.0243
				}
			}
			{bone "seat2"
				{Matrix34
					0.00426033	0.00445106	0.999981
					0.999972	-0.00613353	-0.00423294
					0.00611469	0.999971	-0.00447708
					31.2223	-2.95531	12.1401
				}
			}
			{bone "visor2"
				{parameters "Vis;"}
				{Matrix34
					0.999987	-0.0051379	0
					0	0	-1
					0.0051379	0.999987	0
					-4.36483	33.8869	-0.0207199
				}
			}
		}
		{bone "driver1"
			{Matrix34
				0.985473	-0.169834	0
				0.169834	0.985473	0
				0	0	1
				-15.1769	19.2637	0.455011
			}
		}
		{bone "driver2"
			{Matrix34
				0.984128	0.17746	0
				-0.17746	0.984128	0
				0	0	1
				-15.1769	-20.2117	0.455007
			}
		}
		{bone "emit1"
			{Matrix34
				-0.999993	-0.00387093	0
				0.00387093	-0.999993	0
				0	0	1
				64.4781	28.7396	0.455006
			}
		}
		{bone "emit2"
			{Matrix34
				-0.999993	-0.00387093	0
				0.00387093	-0.999993	0
				0	0	1
				64.1786	-27.8717	0.455011
			}
		}
		{bone "comander2"
			{Matrix34
				-1	0	0
				0	-1	0
				0	0	1
				13.1928	64.5736	0.455
			}
		}
		{bone "driver3"
			{Matrix34
				0.907937	-0.419106	0
				0.419106	0.907937	0
				0	0	1
				-36.486	14.5021	0.455009
			}
		}
		{bone "emit3"
			{Matrix34
				-0.999993	-0.00387093	0
				0.00387093	-0.999993	0
				0	0	1
				6.40799	-32.436	0.455011
			}
		}
		{bone "emit4"
			{Matrix34
				-0.999993	-0.00387093	0
				0.00387093	-0.999993	0
				0	0	1
				4.12921	32.8489	0.455006
			}
		}
	}
}
{Volume "body"
	{Polyhedron "body.vol"}
	{Bone "body"}
	{Matrix34
		0.999987	-0.00513837	0
		0.00513837	0.999987	0
		0	0	1
		4.94455	4.7199	-0.0475422
	}
}
{Volume "gun"
	{Polyhedron "gun.vol"}
	{Bone "gun"}
	{Matrix34
		0.999993	9.30701e-05	-0.00365146
		0.00365217	-0.0415563	0.999129
		-5.87521e-05	-0.999136	-0.0415563
		3.67537	0.571922	-0.112324
	}
}
{Volume "standl"
	{Polyhedron "standl.vol"}
	{Bone "standl"}
	{Matrix34
		0.64233	-0.0185925	0.766203
		0.766065	-0.0152219	-0.642583
		0.0236103	0.999711	0.00446555
		-15.4351	-1.00289	-19.8538
	}
}
{Volume "standr"
	{Polyhedron "standr.vol"}
	{Bone "standr"}
	{Matrix34
		0.62091	-0.00487613	-0.783867
		-0.783766	0.0132971	-0.620914
		0.0134508	0.9999	0.00443458
		-18.466	-2.37609	21.7484
	}
}
{Volume "turret"
	{Polyhedron "turret.vol"}
	{Bone "gun_rot"}
	{Matrix34
		0.999999	-0.00121736	-1.4782e-05
		0.00121744	0.999845	0.0175434
		0	-0.0175434	0.999846
		1.97831	-0.998646	-0.835305
	}
}
{Volume "wheell1"
	{Polyhedron "wheell1.vol"}
	{Bone "wheell1"}
	{Matrix34
		-0.916376	-0.400318	0
		0.400318	-0.916376	0
		0	0	1
		0.141373	0.318438	-0.0202007
	}
}
{Volume "wheelr1"
	{Polyhedron "wheelr1.vol"}
	{Bone "wheelr"}
	{Matrix34
		-1	0	0
		0	-1	0
		0	0	1
		0.0428144	0.0857964	-0.285662
	}
}
