;Exported by: ???
;Date:        Thu Apr 05 16:23:31 2018
;File:        C:\Users\???\Documents\3dsMaxDesign\scenes\BTR-4E1.max
{Skeleton
	{animation
		{sequence "start" {speed 0.55} {resume}}
		{sequence "stop" {speed 0.6} {resume}}
		{sequence "open_desant" {speed 0.6} {resume}}
		{sequence "fire" {speed 0.7} {resume}}
	}
	{bone "basis"
		{parameters "WheelRadius=0.509;SteerMax=15;"}
		{Orientation
			1	0	0
			0	-1	0
			0	0	1
		}
		{bone "pivot_front"
			{parameters "ID=body;"}
			{Position 44.1174	-0.192612	8.55597}
			{bone revolute "steer_r1"
				{parameters "ID=body;"}
				{Matrix34
					1	0	0
					0	-1	0
					0	0	-1
					-2.38205	-20.8242	0.643532
				}
				{bone revolute "wheelr1"
					{parameters "ID=wheelright1;"}
					{Matrix34
						-1	0	0
						0	0	-1
						0	-1	0
						0.708866	3.7855	-0.526049
					}
					{VolumeView "wheelr1.ply"}
					{bone "fxtracer1"
						{Matrix34
							-1	0	0
							0	0	1
							0	1	0
							-0.154751	-10.2855	0.319614
						}
					}
				}
			}
			{bone revolute "steer_l1"
				{parameters "ID=body;"}
				{Matrix34
					1	0	0
					0	-1	0
					0	0	-1
					-1.93752	21.2356	0.643532
				} 
				{bone revolute "wheel1"
					{parameters "ID=wheelleft1;"}
					{Matrix34
						-1	0	0
						0	0	-1
						0	-1	0
						0.264317	-3.59544	-0.526049
					}
					{VolumeView "wheel1.ply"}
					{bone "fxtracel1"
						{Matrix34
							-1	0	0
							0	0	1
							0	1	0
							-0.598568	-10.2855	-0.698895
						}
					}
				}
			}
			{bone revolute "wheell2"
				{parameters "ID=wheelleft2;"}
				{Matrix34
					-1	0	0
					0	0	1
					0	1	0
					-27.0012	24.831	1.16958
				}
				{VolumeView "wheell2.ply"}
				{bone "fxtracel2"
					{Matrix34
						-1	0	0
						0	0	1
						0	1	0
						-0.101114	-10.2855	-0.698898
					}
				}
			}
			{bone revolute "wheelr2"
				{parameters "ID=wheelright2;"}
				{Matrix34
					-1	0	0
					0	0	1
					0	1	0
					-27.0013	-24.6096	1.16958
				}
				{VolumeView "wheelr2.ply"}
				{bone "fxtracer2"
					{Matrix34
						-1	0	0
						0	0	1
						0	1	0
						-0.320778	-10.2855	0.319584
					}
				}
			}
		}
		{bone "pivot_back"
			{parameters "ID=body;"}
			{Position -28.9589	-0.192612	8.55597}
			{bone revolute "wheell4"
				{parameters "ID=wheelleft4;"}
				{Matrix34
					-1	0	0
					0	0	1
					0	1	0
					-13.7595	24.831	1.16958
				}
				{VolumeView "wheell4.ply"}
				{bone "fxtracel4"
					{Matrix34
						-1	0	0
						0	0	1
						0	1	0
						0.328892	-10.2855	-0.698895
					}
				}
			}
			{bone revolute "wheell3"
				{parameters "ID=wheelleft3;"}
				{Matrix34
					-1	0	0
					0	0	1
					0	1	0
					12.785	24.831	1.16958
				}
				{VolumeView "wheell3.ply"}
			}
			{bone revolute "wheelr4"
				{parameters "ID=wheelright4;"}
				{Matrix34
					-1	0	0
					0	0	1
					0	1	0
					-13.7595	-24.6096	1.16958
				}
				{VolumeView "wheelr4.ply"}
				{bone "fxtracer4"
					{Matrix34
						-1	0	0
						0	0	1
						0	1	0
						0.328899	-10.2855	0.319584
					}
				}
			}
			{bone revolute "wheelr3"
				{parameters "ID=wheelright3;"}
				{Matrix34
					-1	0	0
					0	0	1
					0	1	0
					12.785	-24.6097	1.16958
				}
				{VolumeView "wheelr3.ply"}
			}
		}
		{bone "body"
			{parameters "ID=body;"}
                        {animation
				  {sequence "repair" {file "body_r.anm"}}
			}
			{Position 4.29751	0.191063	25.5158}
			{VolumeView "body.ply"}
			{bone "interier"
				{Position -6.00223	0.000961304	2.33746}
				{VolumeView "interier.ply"}
			}
			{bone revolute "turret"
				{parameters "ID=turret;"}
                                {animation
				              {sequence "repair" {file "turret_r.anm"}}
			        }
				{Matrix34
					0	1	0
					-1	0	0
					0	0	1
					-19.8811	-0.0135155	21.886
				}
				{VolumeView "turret.ply"}
				{bone revolute "gun_rot"
					{parameters "ID=gun;"}
                                        {limits -10 45}
					{Matrix34
						0	-1	0
						0	0	1
						-1	0	0
						2.377	-8.43303	4.25155
					}
					{VolumeView "gun_rot.ply"}
					{bone revolute "mgun_rot"
						{parameters "ID=mgun_rot;"}
                                                  {limits -5 15}
						{Position 2.03738	-1.01021	-1.76596}
						{VolumeView "mgun_rot.ply"}
						{bone "mgun"
							{parameters "ID=gun;"}
							{Orientation
								1	0	0
								0	0	-1
								0	1	0
							}
							{VolumeView "mgun.ply"}
							{bone "foresight3"
								{Position 4.59762	-0.0616913	0.0185318}
							}
						}
					}
					{bone revolute "mgun2_rot"
						{parameters "ID=mgun_rot;"}
                                                 {limits -4 12}
    						{Position 3.1345	-1.53291	-3.8248}
						{VolumeView "mgun2_rot.ply"}
						{bone "mgun2"
							{parameters "ID=gun;"}
							{Orientation
								1	0	0
								0	0	-1
								0	1	0
							}
							{VolumeView "mgun2.ply"}
							{bone "foresight5"
								{Position 1.36521	-0.0327787	0.149292}
							}
						}
					}
					{bone "gun"
						{parameters "ID=gun;"}
                                                {animation
				                       {sequence "repair" {file "gun_r.anm"}}
			                        }
						{Matrix34
							1	0	0
							0	0	-1
							0	1	0
							17.9959	-2.19867	1.57875
						}
						{VolumeView "gun.ply"}
						{bone "foresight1"
							{Position 17.8907	-0.516162	0.466743}
						}
					}
				}
				{bone "gun_rot2"
					{parameters "ID=gun;"}
					{Matrix34
						0	-1	0
						0	0	1
						-1	0	0
						-10.7873	-8.36158	4.70224
					}
					{VolumeView "gun_rot2.ply"}
					{bone "gun2"
						{parameters "ID=gun2;"}
						{Matrix34
							1	0	0
							0	0	-1
							0	1	0
							7.222	-52.104	-10.6097
						}
						{bone "foresight6"
							{Position 8.98835	-13.9162	52.5919}
						}
						{bone "tail_01"
							{Position -20.8784	-13.7482	50.1103}
						}
						{bone "tail_00"
							{Position -24.7038	-13.7049	54.3807}
						}
					}
				}
				{bone "mgun19"
					{parameters "ID=gun;"}
					{Matrix34
						-0.0996271	-0.96945	0.224144
						0.988994	-0.0717152	0.12941
						-0.109382	0.23457	0.965926
						-6.47876	-16.3288	-0.529423
					}
					{VolumeView "mgun19.ply"}
					{bone "foresigh21"
						{Matrix34
							0.99443	0.102765	0.0234229
							-0.0996271	0.988994	-0.109382
							-0.0344059	0.106439	0.993724
							2.36216	-0.268871	0.444237
						}
					}
				}
				{bone "mgun18"
					{parameters "ID=gun;"}
					{Matrix34
						0	-1	0
						1	0	0
						0	0	1
						1.81178	-14.628	-0.513844
					}
					{VolumeView "mgun18.ply"}
					{bone "foresight20"
						{Matrix34
							0.96225	0.257834	0.0871557
							-0.258819	0.965926	0
							-0.084186	-0.0225576	0.996195
							1.96688	8.24978	1.23026
						}
					}
				}
			}
			{bone "doorl2"
				{parameters "ID=doorl;"}
				{Position -71.3809	14.5294	2.28104}
				{VolumeView "doorl2.ply"}
			}
			{bone "doorr2"
				{parameters "ID=doorr;"}
				{Position -71.3854	-14.8027	2.31995}
				{VolumeView "doorr2.ply"}
			}
			{bone "fxstop1"
				{Position -76.3549	17.1455	10.8988}
			}
			{bone "fxstop2"
				{Position -76.343	-17.3458	10.7546}
			}
			{bone "link"
				{Position -74.4017	1.01348	-12.1857}
			}
			{bone "attach"
				{Position 65.8741	0.916864	-17.807}
			}
			{bone "headlightr"
				{Position 68.6866	-20.3257	-1.49662}
			}
			{bone "headlightl"
				{Position 68.6866	20.5728	-1.49662}
			}
			{bone "fxsteam"
				{Position 13.0917	0.268578	14.9548}
			}
			{bone "fxlight"
				{Position 74.7656	-0.0619698	-1.49662}
			}
			{bone "fxsteam01"
				{Position 26.5088	0.268578	14.9548}
			}
			{bone "fxfire1"
				{Position 13.0917	11.8825	12.6562}
			}
			{bone "fxfire2"
				{Position -27.6265	3.16246	18.3651}
			}
			{bone "fxfire3"
				{Position 63.3271	3.16246	2.62016}
			}
			{bone "fxsmoke1"
				{Position -74.4017	-16.0219	-14.3833}
			}
			{bone "fxsmoke2"
				{Position -74.4017	14.3969	-14.3833}
			}
			{bone "body2"
				{Position -5.104	0.096138	-11.262}
				{VolumeView "body2.ply"}
			}
			{bone "glass2"
				{parameters "ID=glass2;"}
				{Position 53.7373	0.369179	8.52653}
				{VolumeView "glass2.ply"}
			}
			{bone "detail"
				{Position -60.8701	-23.7018	5.98123}
				{VolumeView "detail.ply"}
			}
			{bone "shieldl2"
				{parameters "ID=ShieldL2;"}
				{Position 19.2326	28.7752	0.129158}
				{VolumeView "shieldl2.ply"}
			}
			{bone "shieldl5"
				{parameters "ID=ShieldL5;"}
				{Position -69.0067	24.4842	0.163746}
				{VolumeView "shieldl5.ply"}
			}
			{bone "shieldl3"
				{parameters "ID=ShieldL3;"}
				{Position -10.8214	26.3875	0.194054}
				{VolumeView "shieldl3.ply"}
			}
			{bone "shieldl4"
				{parameters "ID=ShieldL4;"}
				{Position -41.1183	28.775	0.136192}
				{VolumeView "shieldl4.ply"}
			}
			{bone "shieldr2"
				{parameters "ID=ShieldR2;"}
				{Position 19.2326	-27.6541	0.129158}
				{VolumeView "shieldr2.ply"}
			}
			{bone "shieldr3"
				{parameters "ID=ShieldR3;"}
				{Position -10.8215	-25.2664	0.194054}
				{VolumeView "shieldr3.ply"}
			}
			{bone "shieldr4"
				{parameters "ID=ShieldR4;"}
				{Position -41.1184	-27.6538	0.136192}
				{VolumeView "shieldr4.ply"}
			}
			{bone "shieldr5"
				{parameters "ID=ShieldR5;"}
				{Position -69.1128	-23.2926	0.163746}
				{VolumeView "shieldr5.ply"}
			}
			{bone "shieldr1"
				{parameters "ID=ShieldR1;"}
				{Position 56.0446	-15.6367	-0.327606}
				{VolumeView "shieldr1.ply"}
			}
			{bone "shieldl1"
				{parameters "ID=ShieldL1;"}
				{Position 56.0446	16.6432	-0.128853}
				{VolumeView "shieldl1.ply"}
			}
			{bone "detail2"
				{Position -47.2572	-23.5016	7.4162}
				{VolumeView "detail2.ply"}
			}
			{bone "detail3"
				{Position -31.4217	-24.6558	4.8261}
				{VolumeView "detail3.ply"}
			}
			{bone "doorr"
				{parameters "ID=doorr;"}
				{Matrix34
					0.999943	0	0.0106962
					0	1	0
					-0.0106962	0	0.999943
					58.1181	-17.3184	3.13356
				}
				{VolumeView "doorr.ply"}
				{bone "glass1"
					{parameters "ID=glass1;"}
					{Position -11.5555	-2.00541	5.19965}
					{VolumeView "glass1.ply"}
				}
			}
			{bone "doorl"
				{parameters "ID=doorl;"}
				{Position 57.8194	18.3764	3.18591}
				{VolumeView "doorl.ply"}
				{bone "glass"
					{parameters "ID=glass;"}
					{Position -10.893	0.604015	5.17077}
					{VolumeView "glass.ply"}
				}
			}
			{bone "visor"
				{Position 49.1703	-1.4119	14.9548}
			}
			{bone "visor1"
				{Matrix34
					0.939693	0	-0.34202
					0	1	0
					0.34202	0	0.939693
					-39.5694	-0.31126	38.7633
				}
			}
			{bone "armatura"
				{Position 56.0446	-15.6367	-0.327606}
				{VolumeView "armatura.ply"}
			}
			{bone "seat01"
				{Matrix34
					0	-1	0
					1	0	0
					0	0	1
					-47.2974	10.1385	-13.0033
				}
			}
			{bone "seat02"
				{Matrix34
					0	-1	0
					1	0	0
					0	0	1
					-34.2994	10.1385	-13.0033
				}
			}
			{bone "seat03"
				{Matrix34
					0	-1	0
					1	0	0
					0	0	1
					-62.1604	10.1385	-13.0033
				}
			}
			{bone "seat04"
				{Matrix34
					0	1	0
					-1	0	0
					0	0	1
					-60.8551	-10.3097	-13.1145
				}
			}
			{bone "seat05"
				{Matrix34
					0	1	0
					-1	0	0
					0	0	1
					-47.6806	-10.3097	-13.1145
				}
			}
			{bone "seat06"
				{Matrix34
					0	1	0
					-1	0	0
					0	0	1
					-31.7689	-10.3097	-13.1145
				}
			}
			{bone "seat07"
				{Matrix34
					0	1	0
					-1	0	0
					0	0	1
					-20.9349	-10.3097	-13.0589
				}
			}
			{bone "gunner"
				{Position -15.4665	8.87043	-12.9627}
			}
			{bone "driver"
				{Position 42.471	8.25695	-13.9816}
			}
			{bone "commander"
				{Position 38.944	-7.78878	-7.51821}
			}
                        {bone "tabl"
				{Matrix34
					0.946289	0	0.323323
					0	1	0
					-0.323323	0	0.946289
					71.9747	0.756424	9.4623
				}
				{VolumeView "tabl.ply"}
			}
			{bone "tabl_zad"
				{Matrix34
					0.946289	0	0.323323
					0	1	0
					-0.323323	0	0.946289
					71.868	0.756424	9.4623
				}
				{VolumeView "tabl_zad.ply"}
			}
                        {bone "detail4"
				{Matrix34
					0.991856	0	0.127368
					-0.0418131	0.944578	0.325613
					-0.120309	-0.328287	0.936885
					-56.5328	-32.3522	4.7546
				}
                                
			}
                        {bone "detail_skatka1"
				{Matrix34
					-0.105432	0.938524	-0.32872
					-0.886476	0.0610843	0.458726
					0.450605	0.339767	0.825538
					-52.7264	27.0995	10.4968
				}
				{VolumeView "detail_skatka1.ply"}
			}
			{bone "detail_tara1"
				{Matrix34
					0.939711	0.133023	0.315036
					-0.202018	0.959251	0.197553
					-0.275919	-0.249286	0.928291
					-26.7557	28.132	4.4893
				}
				{VolumeView "detail_tara1.ply"}
			}
			{bone "detail13"
				{Matrix34
					1	0	-1.11371e-005
					1.27303e-005	0.442389	0.896823
					0	-0.896823	0.442389
					-41.0843	-24.3441	7.6343
				}
				{VolumeView "detail13.ply"}
			}
			{bone "detail_skatka2"
				{Matrix34
					-0.111534	0.991623	-0.0651384
					-0.843106	-0.059724	0.53442
					0.526053	0.114525	0.842705
					-9.62251	27.0995	10.4144
				}
				{VolumeView "detail_skatka2.ply"}
			}
			{bone "detail_skatka3"
				{Matrix34
					-0.111534	0.991623	-0.0651384
					-0.843106	-0.059724	0.53442
					0.526053	0.114525	0.842705
					-9.62251	-27.28	10.4144
				}
				{VolumeView "detail_skatka3.ply"}
			}
			{bone "detail14"
				{Matrix34
					1	0	-1.11371e-005
					1.27303e-005	0.442389	0.896823
					0	-0.896823	0.442389
					-27.3054	-24.3441	7.6343
				}
				{VolumeView "detail14.ply"}
			}
			{bone "detail_skatka4"
				{Matrix34
					0.978129	0.197535	-0.0651383
					-0.132978	0.834693	0.53442
					0.159938	-0.51407	0.842705
					-72.0403	2.06492	18.903
				}
				{VolumeView "detail_skatka4.ply"}
			}
			{bone "detail_tara2"
				{Matrix34
					0.972536	-0.0190789	0.231969
					-0.232002	0.00052841	0.972715
					-0.0186809	-0.999818	-0.00391244
					-64.2744	5.18475	17.1767
				}
				{VolumeView "detail_tara2.ply"}
			}
			{bone "detail_tara3"
				{Matrix34
					0.972536	-0.0190789	0.231969
					-0.232002	0.00052841	0.972715
					-0.0186809	-0.999818	-0.00391244
					-58.6974	5.18475	17.1767
				}
				{VolumeView "detail_tara3.ply"}
			}
			{bone "detail_tara4"
				{Matrix34
					-0.972536	0.019079	0.231969
					0.232002	-0.00052843	0.972715
					0.018681	0.999818	-0.00391244
					-61.7302	-2.79665	17.1767
				}
				{VolumeView "detail_tara4.ply"}
			}
			{bone "detail_tara5"
				{Matrix34
					-0.972536	0.019079	0.231969
					0.232002	-0.00052843	0.972715
					0.018681	0.999818	-0.00391244
					-56.1122	-2.79665	17.1767
				}
				{VolumeView "detail_tara5.ply"}
			}
                                         
		}
		{bone "emit3"
			{Position -72.4932	-7.77954	0}
		}
		{bone "emit2"
			{Matrix34
				0	1	0
				-1	0	0
				0	0	1
				57.9384	-34.3677	0
			}
		}
		{bone "emit1"
			{Matrix34
				0	-1	0
				1	0	0
				0	0	1
				55.2365	37.258	0
			}
		}
	}
}
{Volume "body"
	{Polyhedron "body.vol"}
	{Bone "body"}
	{Position 0.0559883	-0.406326	-25.5158}
}
{Volume "commander_place"
	{Box 12.742 10.962 17.1596}
	{Bone "body"}
	{Position 42.866	-6.03849	1.58758}
}
{Volume "doorl2"
	{Box 1.04046 14.0862 23.6865}
	{Bone "doorl2"}
	{Matrix34
		0.988473	0	0.151396
		0	1	0
		-0.151396	0	0.988473
		-0.154564	-7.14782	0.228633
	}
}
{Volume "doorl"
	{Polyhedron "doorl.vol"}
	{Bone "doorl"}
	{Matrix34
		0.963525	-0.263439	-0.04712
		0.241709	0.781059	0.575781
		-0.11488	-0.566168	0.816245
		-7.83369	8.33447	-8.57172
	}
}
{Volume "doorr2"
	{Box 1.04046 14.0862 23.6865}
	{Bone "doorr2"}
	{Matrix34
		0.988473	0	0.151396
		0	1	0
		-0.151396	0	0.988473
		-0.150047	7.40285	0.189723
	}
}
{Volume "doorr"
	{Polyhedron "doorr.vol"}
	{Bone "doorr"}
	{Matrix34
		0.910787	0.410145	-0.0474173
		-0.368772	0.756464	-0.540156
		-0.185673	0.509453	0.840228
		-6.17106	-8.92259	-8.7815
	}
}
{Volume "driver_panel"
	{Box 1.32171 12.058 4.49085}
	{Bone "body"}
	{Matrix34
		0.984808	0	-0.173648
		0	1	0
		0.173648	0	0.984808
		57.1766	10.7442	2.17334
	}
}
{Volume "driver_place"
	{Box 12.742 10.962 17.1596}
	{Bone "body"}
	{Position 42.866	9.34626	1.58758}
}
{Volume "driver_triplex"
	{Polyhedron "driver_triplex.vol"}
	{Bone "body"}
	{Position 48.8224	1.03215	12.3668}
}
{Volume "engine"
	{Box 23.4318 23.891 19.9406}
	{Bone "body"}
	{Position 18.2981	5.9256	2.462}
}
{Volume "front_wheels"
	{Box 6.45458 40.9528 2.54889}
	{Bone "body"}
	{Position 38.6235	1.05385	-10.0855}
}
{Volume "fuel_tank_internal_a"
	{Box 70.872 4.30577 3.43429}
	{Bone "body"}
	{Position -11.4077	-20.563	0.8469}
}
{Volume "fuel_tank_internal_b"
	{Box 65.8595 4.30577 4.76917}
	{Bone "body"}
	{Position 0.57775	21.4398	1.70643}
}
{Volume "gun"
	{Cylinder 1.38803 31.1549}
	{Bone "gun"}
	{Matrix34
		0	0	-1
		0	1	0
		1	0	0
		2.24892	-0.559432	0.454934
	}
}
{Volume "gunner_place"
	{Box 10.2368 10.8534 19.5781}
	{Bone "body"}
	{Position -15.2568	9.34626	2.79683}
}
{Volume "panel_engine_connectors"
	{Box 105.108 22.1187 3.33796}
	{Bone "body"}
	{Position -3.97146	-0.164352	-12.3896}
}
{Volume "ppu1"
	{Box 2.20029 6.83016 4.50168}
	{Bone "body"}
	{Matrix34
		0.973686	0	0.227893
		0	1	0
		-0.227893	0	0.973686
		-6.18947	7.98903	9.88497
	}
}
{Volume "ppu"
	{Box 3.78599 6.62995 3.30683}
	{Bone "body"}
	{Position 56.6132	-12.0665	2.25825}
}
{Volume "shieldl1"
	{Polyhedron "shieldl1.vol"}
	{Bone "shieldl1"}
	{Matrix34
		0.870331	-0.492468	0
		0.492468	0.870331	0
		0	0	1
		11.2919	10.7519	-13.1274
	}
}
{Volume "shieldl2"
	{Box 31.4335 1.11557 27.4462}
	{Bone "shieldl2"}
	{Position -0.0645027	4.18769	0.337739}
}
{Volume "shieldl3"
	{Box 31.4335 1.11557 27.4462}
	{Bone "shieldl3"}
	{Position 0.222549	6.57535	0.272843}
}
{Volume "shieldl4"
	{Box 31.4335 1.11557 27.4462}
	{Bone "shieldl4"}
	{Position -0.409958	4.18788	0.330705}
}
{Volume "shieldl5"
	{Polyhedron "shieldl5.vol"}
	{Bone "shieldl5"}
	{Position 0.645493	8.43943	-13.42}
}
{Volume "shieldr1"
	{Polyhedron "shieldr1.vol"}
	{Bone "shieldr1"}
	{Matrix34
		0	1	0
		-0.253802	0	0.967256
		0.967256	0	0.253802
		3.83786	5.38605	-12.6285
	}
}
{Volume "shieldr2"
	{Box 31.4335 1.11557 27.4462}
	{Bone "shieldr2"}
	{Position 0.378296	-4.07958	0.337739}
}
{Volume "shieldr3"
	{Box 31.4335 1.11557 27.4462}
	{Bone "shieldr3"}
	{Position -0.0051384	-6.46727	0.272843}
}
{Volume "shieldr4"
	{Box 31.4335 1.11557 27.4462}
	{Bone "shieldr4"}
	{Position 0.446457	-4.07981	0.330705}
}
{Volume "shieldr5"
	{Polyhedron "shieldr5.vol"}
	{Bone "shieldr5"}
	{Position 0.751633	-8.70555	-13.42}
}
{Volume "transmission"
	{Box 7.26156 36.2673 2.42397}
	{Bone "body"}
	{Position -49.3727	0.261462	-10.7034}
}
{Volume "turret_systems"
	{Box 3.4359 5.08219 5.70178}
	{Bone "turret"}
	{Matrix34
		0	-1	0
		1	0	0
		0	0	1
		7.88268	-12.6629	-17.6149
	}
}
{Volume "turret"
	{Polyhedron "turret.vol"}
	{Bone "turret"}
	{Matrix34
		0	-1	0
		1	0	0
		0	0	1
		0.357578	-0.277411	-5.6151
	}
}
{Volume "wheell1"
	{Cylinder 10.8162 8.22316}
	{Bone "wheel1"}
	{Matrix34
		-1	0	0
		0	-1	0
		0	0	1
		-0.402726	-0.408112	-0.436506
	}
}
{Volume "wheell2"
	{Cylinder 10.8162 8.22316}
	{Bone "wheell2"}
	{Matrix34
		-1	0	0
		0	-1	0
		0	0	1
		0.413009	-0.408111	-0.436502
	}
}
{Volume "wheell3"
	{Cylinder 10.8162 8.22316}
	{Bone "wheell3"}
	{Matrix34
		-1	0	0
		0	-1	0
		0	0	1
		-0.292075	-0.408111	-0.436502
	}
}
{Volume "wheell4"
	{Cylinder 10.8162 8.22316}
	{Bone "wheell4"}
	{Matrix34
		-1	0	0
		0	-1	0
		0	0	1
		-0.0271117	-0.408111	-0.436506
	}
}
{Volume "wheelr1"
	{Cylinder 10.8162 8.22316}
	{Bone "wheelr1"}
	{Matrix34
		-1	0	0
		0	-1	0
		0	0	1
		0.182685	-0.408112	-0.361387
	}
}
{Volume "wheelr2"
	{Cylinder 10.8162 8.22316}
	{Bone "wheelr2"}
	{Matrix34
		-1	0	0
		0	-1	0
		0	0	1
		-0.107394	-0.408111	-0.361417
	}
}
{Volume "wheelr3"
	{Cylinder 10.8162 8.22316}
	{Bone "wheelr3"}
	{Matrix34
		-1	0	0
		0	-1	0
		0	0	1
		0.272729	-0.408111	-0.361394
	}
}
{Volume "wheelr4"
	{Cylinder 10.8162 8.22316}
	{Bone "wheelr4"}
	{Matrix34
		-1	0	0
		0	-1	0
		0	0	1
		-0.027104	-0.408111	-0.361417
	}
}
