;Exported by: Timosh
;Date:        Thu Nov  9 19:00:32 2023
;File:        G:\?????? ? Pheonix\??????????????\??????\?????? ? ???????\angar_military ?????????????\angar_military x 25.max
{Skeleton
	{bone "roof_02"
		{Orientation
			1	0	0
			0	-1	0
			0	0	1
		}
		{bone "piece1"
			{Matrix34
				0.996195	0	0.0871557
				0	1	0
				-0.0871557	0	0.996195
				0	0	135.787
			}
			{VolumeView "piece1.ply"}
		}
		{bone "piece2"
			{Matrix34
				0.996195	0	0.0871557
				0	1	0
				-0.0871557	0	0.996195
				-106.871	26.2779	124.214
			}
			{VolumeView "piece2.ply"}
		}
		{bone "piece3"
			{Matrix34
				0.996195	0	0.0871557
				0	1	0
				-0.0871557	0	0.996195
				-49.2792	24.6378	131.998
			}
			{VolumeView "piece3.ply"}
		}
		{bone "piece4"
			{Matrix34
				0.996195	0	0.0871557
				0	1	0
				-0.0871557	0	0.996195
				4.40488	13.602	139.256
			}
			{VolumeView "piece4.ply"}
		}
		{bone "piece5"
			{Position -4.93311	0.00584412	113.857}
			{VolumeView "piece5.ply"}
		}
	}
}
{Volume "piece1"
	{Box 93.1154 3.93985 6.29558}
	{Bone "piece1"}
	{Position 0.000656128	0	-6.86646e-05}
}
{Volume "piece2"
	{Box 51.1073 55.4153 6.21315}
	{Bone "piece2"}
	{Position -1.52588e-05	-3.05176e-05	-0.00177765}
}
{Volume "piece3"
	{Box 62.3132 54.8225 6.73793}
	{Bone "piece3"}
	{Position 0.000305176	0	-2.28882e-05}
}
{Volume "piece4"
	{Box 42.9805 43.134 5.81816}
	{Bone "piece4"}
	{Position 0.000335693	0	0.000816345}
}
{Volume "piece5"
	{Box 80.7462 3.92715 2.02574}
	{Bone "piece5"}
	{Position 0	0	0}
}
