;Exported by: Cagya
;Date:        Sat Jan  6 00:23:49 2024
;File:        G:\?????? ???\?????? ? 1.6.1\???-3\??\???-3 ?? ? ????????.max
{Skeleton
	{bone "basis"
		{parameters "Wheelradius=0.5;"}
		{Orientation
			1	0	0
			0	-1	0
			0	0	1
		}
		{bone "wheelsr"
			{parameters "ID=trackright;"}
			{Matrix34
				0.00488692	0.999988	0
				-0.00959914	4.69108e-05	0.999954
				0.999942	-0.0048867	0.00959926
				3.05859	-20.7617	10.8146
			}
			{bone prizmatic "suspension_r3"
				{limits -0.2 0.1}
				{speed 0.5}
				{Matrix34
					1	0	0
					0	-1.57235e-05	-1
					0	1	-1.57235e-05
					-0.863176	-2.7427	-0.362629
				}
				{bone revolute "wheelr4"
					{parameters "ID=trackright;"}
					{Matrix34
						0	-1	-1.57347e-05
						0	1.57356e-05	-1
						1	0	0
						-5.19791	-0.0523424	-0.0865359
					}
					{VolumeView "wheelr4.ply"}
				}
			}
			{bone prizmatic "suspension_r2"
				{limits -0.2 0.1}
				{speed 0.5}
				{Matrix34
					1	0	0
					0	-1.57235e-05	-1
					0	1	-1.57235e-05
					-0.765398	-2.93475	19.644
				}
				{bone revolute "wheelr3"
					{parameters "ID=trackright;"}
					{Matrix34
						0	-1	-1.57347e-05
						0	1.57356e-05	-1
						1	0	0
						-5.20039	0.338636	-0.0808449
					}
					{VolumeView "wheelr3.ply"}
				}
			}
			{bone prizmatic "suspension_r1"
				{limits -0.2 0.1}
				{speed 0.5}
				{Matrix34
					1	0	0
					0	-1.57235e-05	-1
					0	1	-1.57235e-05
					-0.691484	-3.07994	34.768
				}
				{bone revolute "wheelr2"
					{parameters "ID=trackright;"}
					{Matrix34
						0	-1	-1.57347e-05
						0	1.57356e-05	-1
						1	0	0
						-5.19976	0.115044	-0.0815129
					}
					{VolumeView "wheelr2.ply"}
				}
			}
			{bone prizmatic "suspension_r6"
				{limits -0.2 0.1}
				{speed 0.5}
				{Matrix34
					1	0	0
					0	-1.57235e-05	-1
					0	1	-1.57235e-05
					-1.09823	-2.28099	-48.459
				}
				{bone revolute "wheelr7"
					{parameters "ID=trackright;"}
					{Matrix34
						0	-1	-1.57347e-05
						0	1.57356e-05	-1
						1	0	0
						-5.19642	-0.069355	-0.091423
					}
					{VolumeView "wheelr7.ply"}
				}
			}
			{bone prizmatic "suspension_r5"
				{limits -0.2 0.1}
				{speed 0.5}
				{Matrix34
					1	0	0
					0	-1.57235e-05	-1
					0	1	-1.57235e-05
					-1.0123	-2.44978	-30.8751
				}
				{bone revolute "wheelr6"
					{parameters "ID=trackright;"}
					{Matrix34
						0	-1	-1.57347e-05
						0	1.57356e-05	-1
						1	0	0
						-5.19678	-0.0974197	-0.0899734
					}
					{VolumeView "wheelr6.ply"}
				}
			}
			{bone prizmatic "suspension_r4"
				{limits -0.2 0.1}
				{speed 0.5}
				{Matrix34
					1	0	0
					0	-1.57235e-05	-1
					0	1	-1.57235e-05
					-0.942369	-2.58714	-16.5671
				}
				{bone revolute "wheelr5"
					{parameters "ID=trackright;"}
					{Matrix34
						0	-1	-1.57347e-05
						0	1.57356e-05	-1
						1	0	0
						-5.1974	-0.058938	-0.0882158
					}
					{VolumeView "wheelr5.ply"}
				}
			}
		}
		{bone "wheelsl"
			{parameters "ID=trackleft;"}
			{Matrix34
				0.00488692	0.999988	0
				-0.00959914	4.69108e-05	0.999954
				0.999942	-0.0048867	0.00959926
				3.25384	19.1927	10.8146
			}
			{bone prizmatic "suspension_l6"
				{limits -0.2 0.1}
				{speed 0.5}
				{Matrix34
					1	0	0
					0	-1.57235e-05	-1
					0	1	-1.57245e-05
					1.52581	-2.31029	-48.683
				}
				{bone revolute "wheell7"
					{parameters "ID=trackleft;"}
					{Matrix34
						0	-1	-1.57356e-05
						0	1.57356e-05	-1
						1	0	0
						5.32199	-0.0567894	-0.0598412
					}
					{VolumeView "wheell7.ply"}
				}
			}
			{bone prizmatic "suspension_l5"
				{limits -0.2 0.1}
				{speed 0.5}
				{Matrix34
					1	0	0
					0	-1.57235e-05	-1
					0	1	-1.57245e-05
					1.61239	-2.48034	-30.9688
				}
				{bone revolute "wheell6"
					{parameters "ID=trackleft;"}
					{Matrix34
						0	-1	-1.57356e-05
						0	1.57356e-05	-1
						1	0	0
						5.32083	0.0731106	-0.0568895
					}
					{VolumeView "wheell6.ply"}
				}
			}
			{bone prizmatic "suspension_l4"
				{limits -0.2 0.1}
				{speed 0.5}
				{Matrix34
					1	0	0
					0	-1.57235e-05	-1
					0	1	-1.57245e-05
					1.68183	-2.61674	-16.7601
				}
				{bone revolute "wheell5"
					{parameters "ID=trackleft;"}
					{Matrix34
						0	-1	-1.57356e-05
						0	1.57356e-05	-1
						1	0	0
						5.32091	-0.027441	-0.056448
					}
					{VolumeView "wheell5.ply"}
				}
			}
			{bone prizmatic "suspension_l3"
				{limits -0.2 0.1}
				{speed 0.5}
				{Matrix34
					1	0	0
					0	-1.57235e-05	-1
					0	1	-1.57245e-05
					1.76101	-2.77227	-0.558579
				}
				{bone revolute "wheell4"
					{parameters "ID=trackleft;"}
					{Matrix34
						0	-1	-1.57356e-05
						0	1.57356e-05	-1
						1	0	0
						5.3203	8.58307e-05	-0.0545816
					}
					{VolumeView "wheell4.ply"}
				}
			}
			{bone prizmatic "suspension_l2"
				{limits -0.2 0.1}
				{speed 0.5}
				{Matrix34
					1	0	0
					0	-1.57235e-05	-1
					0	1	-1.57245e-05
					1.858	-2.96279	19.2876
				}
				{bone revolute "wheell3"
					{parameters "ID=trackleft;"}
					{Matrix34
						0	-1	-1.57356e-05
						0	1.57356e-05	-1
						1	0	0
						5.31838	0.275711	-0.0500388
					}
					{VolumeView "wheell3.ply"}
				}
			}
			{bone prizmatic "suspension_l1"
				{limits -0.2 0.1}
				{speed 0.5}
				{Matrix34
					1	0	0
					0	-1.57235e-05	-1
					0	1	-1.57245e-05
					1.93236	-2.81083	34.5052
				}
				{bone revolute "wheell2"
					{parameters "ID=trackleft;"}
					{Matrix34
						0	-1	-1.57356e-05
						0	1.57356e-05	-1
						1	0	0
						5.31875	0.107281	-0.0501561
					}
					{VolumeView "wheell2.ply"}
				}
			}
		}
		{bone "fire_body_bone"
			{Position 1.99409	-0.275589	22.7212}
			{bone "body"
				{parameters "ID=body;"}
				{Matrix34
					0.00488656	0.999988	0
					-0.999942	0.00488634	-0.00959907
					-0.00959894	4.69087e-05	0.999954
					0	0	0
				}
				{VolumeView "body.ply"}
				{bone "volnorez1"
					{parameters "ID=body;"}
					{Matrix34
						0.00459185	-0.942921	0.332984
						0.999988	0.00488633	4.69237e-05
						-0.00167131	0.33298	0.942932
						0.3258	-63.7484	3.81161
					}
					{VolumeView "volnorez1.ply"}
					{bone "volnorez2"
						{parameters "ID=body;"}
						{Matrix34
							0.965926	0	-0.258819
							0	1	0
							0.258819	0	0.965926
							-2.46818	0.0117556	0.854313
						}
						{VolumeView "volnorez2.ply"}
						{bone "volnorez3"
							{parameters "ID=body;"}
							{Position 5.81422	-0.00432305	-3.63011}
							{VolumeView "volnorez3.ply"}
							{bone "volnorez4"
								{parameters "ID=body;"}
								{Matrix34
									0.996195	0	-0.0871558
									0	1	0
									0.0871557	0	0.996195
									-2.71832	0.0101205	-4.62355
								}
								{VolumeView "volnorez4.ply"}
							}
						}
					}
				}
				{bone revolute "wheelr9"
					{parameters "ID=trackright;"}
					{Matrix34
						0	-1	0
						5.24084e-05	0	-1
						1	0	5.24084e-05
						-25.4958	-26.467	-2.27424
					}
					{VolumeView "wheelr9.ply"}
				}
				{bone "cover_ganner_mgun_right"
					{parameters "ID=body;"}
					{Matrix34
						0.981443	-0.191752	0
						0.191752	0.981443	0
						0	0	1
						-19.3292	-39.0753	13.0783
					}
					{VolumeView "cover_ganner_mgun_right.ply"}
				}
				{bone "desant_cover_1_left"
					{parameters "ID=body;"}
					{Matrix34
						0.00488458	-0.999802	0.019273
						0.999988	0.0048864	4.70789e-05
						-0.000141245	0.0192726	0.999814
						12.9121	55.6824	13.8294
					}
					{VolumeView "desant_cover_1_left.ply"}
				}
				{bone "part1"
					{Matrix34
						0.00488458	-0.999802	0.0192725
						0.999988	0.00488639	4.68464e-05
						-0.000140998	0.0192722	0.999814
						-13.4183	55.5539	13.8282
					}
					{VolumeView "part1.ply"}
				}
				{bone "desant_cover_2_right"
					{parameters "ID=body;"}
					{Matrix34
						0.999959	1.49708e-05	0.00902021
						0.000101131	0.999917	-0.0128814
						-0.00901965	0.0128817	0.999876
						-13.5932	68.9785	6.2926
					}
					{VolumeView "desant_cover_2_right.ply"}
				}
				{bone "desant_cover_2_left"
					{parameters "ID=body;"}
					{Matrix34
						0.999959	-1.44206e-05	-0.00902017
						-0.000101772	0.999917	-0.0128813
						0.00901962	0.0128818	0.999876
						13.0008	69.1228	6.29413
					}
					{VolumeView "desant_cover_2_left.ply"}
				}
				{bone "interier"
					{Matrix34
						0.0048867	-0.999942	-0.00959895
						0.999988	0.00488647	4.69083e-05
						0	-0.00959907	0.999954
						0.189118	5.553	6.09226
					}
					{VolumeView "interier.ply"}
				}
				{bone "driver_cover"
					{Matrix34
						-0.229609	0.964934	0.127212
						-0.972696	-0.222961	-0.0644318
						-0.0338091	-0.138532	0.989781
						-6.86898	-36.916	12.8482
					}
					{VolumeView "driver_cover.ply"}
				}
				{bone revolute "wheell8"
					{parameters "ID=trackleft;"}
					{Matrix34
						0	-1	0
						0	0	-1
						1	0	0
						25.6238	61.0291	-4.49471
					}
					{VolumeView "wheell8.ply"}
				}
				{bone revolute "wheell1"
					{parameters "ID=trackleft;"}
					{Matrix34
						0	-1	0
						0	0	-1
						1	0	0
						25.6979	-55.0184	-5.63246
					}
					{VolumeView "wheell1.ply"}
				}
				{bone revolute "wheelr8"
					{parameters "ID=trackright;"}
					{Matrix34
						0	-1	0
						0	0	-1
						1	0	0
						-26.2184	60.7702	-4.49716
					}
					{VolumeView "wheelr8.ply"}
				}
				{bone revolute "wheelr1"
					{parameters "ID=trackright;"}
					{Matrix34
						0	-1	0
						0	0	-1
						1	0	0
						-25.1215	-55.2957	-5.68187
					}
					{VolumeView "wheelr1.ply"}
				}
				{bone revolute "wheell9"
					{parameters "ID=trackleft;"}
					{Matrix34
						0	-1	0
						5.24084e-05	0	-1
						1	0	5.24078e-05
						25.7493	-26.2089	-2.27186
					}
					{VolumeView "wheell9.ply"}
				}
				{bone revolute "wheelr10"
					{parameters "ID=trackright;"}
					{Matrix34
						0	-1	0
						5.24084e-05	0	-1
						1	0	5.24078e-05
						-25.6641	8.17287	-1.94106
					}
					{VolumeView "wheelr10.ply"}
				}
				{bone revolute "wheell10"
					{parameters "ID=trackleft;"}
					{Matrix34
						0	-1	0
						5.24084e-05	0	-1
						1	0	5.24078e-05
						25.581	8.431	-1.9386
					}
					{VolumeView "wheell10.ply"}
				}
				{bone revolute "wheelr11"
					{parameters "ID=trackright;"}
					{Matrix34
						0	-1	0
						5.24084e-05	0	-1
						1	0	5.24078e-05
						-25.8241	41.1016	-1.62873
					}
					{VolumeView "wheelr11.ply"}
				}
				{bone revolute "wheell11"
					{parameters "ID=trackleft;"}
					{Matrix34
						0	-1	0
						5.24084e-05	0	-1
						1	0	5.24078e-05
						25.4211	41.3597	-1.62628
					}
					{VolumeView "wheell11.ply"}
				}
				{bone "cover_ganner_mgun_left"
					{parameters "ID=body;"}
					{Matrix34
						0.972995	0.230826	0
						-0.230826	0.972995	0
						0	0	1
						19.8956	-39.0059	13.0606
					}
					{VolumeView "cover_ganner_mgun_left.ply"}
				}
				{bone "torsions"
					{parameters "ID=body;"}
					{Position 0	0	-0.000152588}
					{VolumeView "torsions.ply"}
				}
				{bone revolute "turret"
					{parameters "ID=turret;"}
					{Matrix34
						0	-1	0
						1	0	0
						0	0	1
						0.225626	-8.70707	19.5624
					}
					{VolumeView "turret.ply"}
					{bone "door_opt2"
						{Matrix34
							0.00560313	-0.999542	-0.0297524
							0.999982	0.00565888	-0.00179068
							0.00195824	-0.0297418	0.999556
							-1.14687	4.07201	5.60669
						}
						{VolumeView "door_opt2.ply"}
					}
					{bone "shell_luk"
						{parameters "ID=turret;"}
						{Position -12.6566	0.778063	3.73104}
						{VolumeView "shell_luk.ply"}
					}
					{bone "gunner_cover"
						{parameters "ID=turret;"}
						{Position -2.20403	9.213	3.59723}
						{VolumeView "gunner_cover.ply"}
					}
					{bone "cw_panorama_basis"
						{Matrix34
							0.999942	0.00488661	-0.00959894
							-0.00488638	0.999988	4.69067e-05
							0.00959907	0	0.999954
							-6.83029	-7.92731	2.4642
						}
						{bone "cw_panorama"
							{bone "optika_panorama"
								{parameters "ID=turret;"}
								{Matrix34
									0.999942	-0.00488638	0.00959907
									0.00488661	0.999988	0
									-0.00959894	4.69067e-05	0.999954
									0.00564623	-2.3365e-05	-0.00268173
								}
								{VolumeView "optika_panorama.ply"}
								{bone "com_cover"
									{parameters "ID=turret;"}
									{Position 2.36093	-0.00477982	2.41257}
									{VolumeView "com_cover.ply"}
								}
							}
						}
					}
					{bone "gun_up"
						{Matrix34
							0.999942	0.00488673	-0.00959895
							-0.0048865	0.999988	4.69067e-05
							0.00959907	0	0.999954
							12.6586	0.547162	-0.066597
						}
						{bone revolute "gun_rot"
							{parameters "ID=gun;"}
							{limits -60 5}
							{speed 0.01}
							{Matrix34
								0.999979	-0.00488656	-0.00436341
								-0.00436335	2.11593e-05	-0.99999
								0.00488661	0.999988	0
								0	-0.000124186	0
							}
							{VolumeView "gun_rot.ply"}
							{bone "gun1"
								{parameters "ID=gun;"}
								{Position 52.0783	-0.233082	0.665348}
								{VolumeView "gun1.ply"}
							}
							{bone "gun2"
								{parameters "ID=gun2;"}
								{Matrix34
									-0.0048864	2.11597e-05	0.999988
									-0.00437894	-0.99999	0
									0.999978	-0.00437888	0.00488644
									35.4645	-0.155701	-2.94747
								}
								{VolumeView "gun2.ply"}
							}
						}
					}
					{bone "entetier_turret2"
						{parameters "ID=turret;"}
						{Matrix34
							0.999942	0.00488661	-0.00959894
							-0.00488638	0.999988	4.69067e-05
							0.00959907	0	0.999954
							-13.7695	-0.0341058	-13.6323
						}
						{VolumeView "entetier_turret2.ply"}
					}
					{bone "entetier_turret"
						{parameters "ID=turret;"}
						{Matrix34
							0.999942	0.00488673	-0.00959894
							-0.0048865	0.999988	4.69078e-05
							0.00959907	0	0.999954
							-0.0997219	0.0883717	-16.653
						}
						{VolumeView "entetier_turret.ply"}
					}
					{bone "fix_turret_bmp3m"
						{parameters "ID=shield_3m;"}
						{Matrix34
							0.999942	0.00488671	-0.00959906
							0.00959918	0	0.999954
							-0.00488648	0.999988	4.68908e-05
							-11.4971	-0.0270297	1.63992
						}
						{VolumeView "fix_turret_bmp3m.ply"}
						{bone "part4"
							{parameters "ID=shield_3m;"}
							{Position -2.94125	-2.45787	14.5862}
							{VolumeView "part4_3m.ply"}
						}
						{bone "fix2_turret_bmp3m"
							{parameters "ID=shield_3m;"}
							{Position -10.7448	0	-11.3416}
							{VolumeView "fix2_turret_bmp3m.ply"}
						}
						{bone "part3"
							{parameters "ID=shield_3m;"}
							{Matrix34
								1	0	0
								0	1	0
								0	0	-1
								10.5691	-2.07479	21.6401
							}
							{VolumeView "part3_3m.ply"}
						}
						{bone "part2"
							{parameters "ID=shield_3m;"}
							{Matrix34
								1	0	0
								0	1	0
								0	0	-1
								-11.639	-2.07479	-16.5606
							}
							{VolumeView "part2_3m.ply"}
						}
						{bone "nera23"
							{parameters "ID=shield_3m;"}
							{Matrix34
								1	0	0
								0	1	0
								0	0	-1
								-18.4429	-2.07479	-0.00414658
							}
							{VolumeView "nera23.ply"}
						}
					}
					{bone "smoke_guns_back"
						{parameters "id=turret;"}
						{Matrix34
							0.999942	0.00488673	-0.00959895
							-0.0048865	0.999988	4.69067e-05
							0.00959907	0	0.999954
							-23.1325	-3.15876	-0.840847
						}
						{VolumeView "smoke_guns_back.ply"}
					}
				}
				{bone "otval"
					{parameters "ID=body;"}
					{Matrix34
						0.0048867	-0.999942	-0.00959893
						0.999988	0.00488647	4.69098e-05
						0	-0.00959907	0.999954
						0.246526	-49.5962	-11.8141
					}
					{VolumeView "otval.ply"}
				}
				{bone "vodomet2"
					{parameters "ID=body;"}
					{Matrix34
						0.762058	0.258388	0.59372
						-0.203828	0.966041	-0.158803
						-0.614591	0	0.788846
						17.224	69.2297	-6.22329
					}
					{VolumeView "vodomet2.ply"}
				}
				{bone "vodomet1"
					{parameters "ID=body;"}
					{Matrix34
						0.776905	-0.228691	-0.586616
						0.182508	0.973499	-0.137806
						0.602585	0	0.798054
						-17.7811	69.2224	-6.29577
					}
					{VolumeView "vodomet1.ply"}
				}
				{bone "interier_nolod"
					{Matrix34
						0.0048867	-0.999942	-0.00959895
						0.999988	0.00488647	4.69097e-05
						0	-0.00959908	0.999954
						0.0233697	49.0988	5.35774
					}
					{VolumeView "interier_nolod.ply"}
				}
				{bone "front_mgun"
					{parameters "ID=body;"}
					{Position 0.227545	-46.3282	9.80755}
					{VolumeView "front_mgun.ply"}
					{bone revolute "mgun"
						{limits -15 5}
						{Matrix34
							0	1	0
							-1	0	0
							0	0	1
							-23.8577	-1.19613	0.0264626
						}
						{VolumeView "mgun.ply"}
					}
					{bone revolute "mgun2"
						{limits -5 15}
						{Matrix34
							0	1	0
							-1	0	0
							0	0	1
							24.0802	-1.02589	0.0305099
						}
						{VolumeView "mgun2.ply"}
					}
				}
				{bone "sh_body_bmp3m"
					{Matrix34
						0.999988	0.00488638	4.673e-05
						0	-0.00959922	0.999954
						0.0048866	-0.999942	-0.0095991
						0.281166	-0.922218	-22.7311
					}
					{bone "sh_body_fix"
						{parameters "ID=body;"}
						{Matrix34
							0	0	1
							0	1	0
							1	0	0
							-0.260017	29.5209	42.1807
						}
						{VolumeView "sh_body_fix.ply"}
					}
					{bone "shieldl3"
						{parameters "ID=shield_3m;"}
						{Matrix34
							0	0	1
							0	1	0
							1	0	0
							31.925	27.269	22.583
						}
						{VolumeView "shieldl3_3m.ply"}
						{bone "nera3"
							{parameters "ID=sh_3m;"}
							{Position 0.104219	-1.78196	2.31566}
							{VolumeView "nera3.ply"}
						}
					}
					{bone "shieldl2"
						{parameters "ID=shield_3m;"}
						{Matrix34
							0	0	1
							0	1	0
							1	0	0
							31.925	26.4455	38.9975
						}
						{VolumeView "shieldl2_3m.ply"}
						{bone "part8"
							{parameters "ID=sh_3m;"}
							{Position 0.0734673	-1.64835	2.31566}
							{VolumeView "part8_3m.ply"}
						}
					}
					{bone "shieldl6"
						{parameters "ID=shield_3m;"}
						{Matrix34
							0	0	1
							0	1	0
							1	0	0
							31.925	27.269	-28.9115
						}
						{VolumeView "shieldl6_3m.ply"}
						{bone "nera6"
							{parameters "ID=sh_3m;"}
							{Position -0.00431633	-1.78196	2.31566}
							{VolumeView "nera6.ply"}
						}
					}
					{bone "part6"
						{parameters "ID=shield_3m;"}
						{Matrix34
							0	0	1
							0	1	0
							1	0	0
							31.925	27.269	5.39627
						}
						{VolumeView "part6_3m.ply"}
					}
					{bone "part9"
						{parameters "ID=sh_3m;"}
						{Matrix34
							0	0	1
							0	1	0
							1	0	0
							31.925	29.7129	-53.548
						}
						{VolumeView "part9_3m2.ply"}
						{bone "shieldl8"
							{parameters "ID=shield_3m;"}
							{Position 0.00812912	-7.62663	-1.37426}
							{VolumeView "shieldl8_3m.ply"}
						}
						{bone "nera7"
							{parameters "ID=sh_3m;"}
							{Position 0.0181046	0.463501	2.69801}
							{VolumeView "nera7.ply"}
						}
					}
					{bone "shieldr3"
						{parameters "ID=shield_3m;"}
						{Matrix34
							0	0	1
							0	1	0
							1	0	0
							-32.445	27.269	22.583
						}
						{VolumeView "shieldr3_3m.ply"}
						{bone "nera11"
							{parameters "ID=sh_3m;"}
							{Matrix34
								1	0	0
								0	1	0
								0	0	-1
								0.104229	-1.78196	-2.33882
							}
							{VolumeView "nera11.ply"}
						}
						{bone "enumerator3_bmp3m"
							{Matrix34
								0.999924	0.0123096	7.62925e-05
								-7.69859e-05	5.56362e-05	1
								-0.0123096	0.999924	-5.65825e-05
								-2.47669	0.357441	1.26928
							}
							{VolumeView "enumerator3_bmp3m.ply"}
						}
					}
					{bone "shieldr4"
						{parameters "ID=shield_3m;"}
						{Matrix34
							0	0	1
							0	1	0
							1	0	0
							-32.445	27.269	5.39626
						}
						{VolumeView "shieldr4_3m.ply"}
					}
					{bone "part7"
						{parameters "ID=shield_3m;"}
						{Matrix34
							0	0	1
							0	1	0
							1	0	0
							-32.445	27.269	-28.9115
						}
						{VolumeView "part7_3m.ply"}
						{bone "nera14"
							{parameters "ID=sh_3m;"}
							{Matrix34
								1	0	0
								0	1	0
								0	0	-1
								-0.00431061	-1.78197	-2.33882
							}
							{VolumeView "nera14.ply"}
						}
					}
					{bone "shieldr7"
						{parameters "ID=shield_3m;"}
						{Matrix34
							0	0	1
							0	1	0
							1	0	0
							-32.445	29.718	-53.5483
						}
						{VolumeView "shieldr7_3m.ply"}
						{bone "nera15"
							{parameters "ID=sh_3m;"}
							{Matrix34
								1	0	0
								0	1	0
								0	0	-1
								0.0183945	0.458384	-2.72116
							}
							{VolumeView "nera15.ply"}
							{bone "nera16"
								{parameters "ID=sh_3m;"}
								{Position 0.0111885	-8.87952	0.587528}
								{VolumeView "nera16.ply"}
							}
						}
					}
					{bone "part5"
						{parameters "ID=shield_3m;"}
						{Matrix34
							0	0	1
							0	1	0
							1	0	0
							-32.445	24.7504	53.7351
						}
						{VolumeView "part5_3m.ply"}
						{bone "nera9"
							{parameters "ID=sh_3m;"}
							{Matrix34
								1	0	0
								0	1	0
								0	0	-1
								-0.058548	-2.60824	-2.33881
							}
							{VolumeView "nera9.ply"}
						}
					}
				}
			}
		}
	}
}
{Volume "body1"
	{Polyhedron "body1.vol"}
	{Bone "body"}
	{Matrix34
		0.00523584	-0.999986	0
		0	0	1
		-0.999986	-0.00523584	0
		0.162456	-2.28357	8.66609
	}
}
{Volume "body2"
	{Polyhedron "body2.vol"}
	{Bone "body"}
	{Matrix34
		0.00523584	-0.999986	0
		0	0	1
		-0.999986	-0.00523584	0
		0.392147	-1.09201	-4.48974
	}
}
{Volume "gun1"
	{Cylinder 1.26125 41.9843}
	{Bone "gun1"}
	{Matrix34
		-0.00488622	-4.71876e-05	0.999988
		-0.00771916	-0.99997	-8.49048e-05
		0.999958	-0.00771946	0.00488571
		-21.4454	0.146896	-0.0170898
	}
}
{Volume "nera11"
	{Box 16.6083 18.064 1.08893}
	{Bone "nera11"}
	{Matrix34
		-1	0	0
		0	1	0
		0	0	-1
		0.0969601	-0.052103	-0.0019747
	}
}
{Volume "nera23"
	{Box 1.40891 17.7588 6.12376}
	{Bone "nera23"}
	{Matrix34
		1	0	0
		0	0	-1
		0	1	0
		-0.0317726	-0.0521171	-0.0382505
	}
}
{Volume "part1"
	{Box 41.4276 12.1068 1.23033}
	{Bone "part1"}
	{Matrix34
		0.993377	-0.114418	-0.0105139
		0.0954536	0.770859	0.629814
		-0.0639578	-0.626647	0.776675
		7.7989	6.53879	3.86789
	}
}
{Volume "part2"
	{Polyhedron "part2_3m.vol"}
	{Bone "part2"}
	{Matrix34
		0.468599	0	0.883411
		0.883411	0	-0.468599
		0	1	0
		0.0811949	-0.0632591	0.0163803
	}
}
{Volume "part3"
	{Polyhedron "part3_3m.vol"}
	{Bone "part3"}
	{Matrix34
		1	0	0
		0	0	1
		0	-1	0
		0.0736046	-0.0458603	-0.0841503
	}
}
{Volume "part4"
	{Box 19.3968 0.779355 5.96867}
	{Bone "part4"}
	{Matrix34
		0.834382	0	0.551187
		-0.551186	0	0.834383
		0	1	0
		-0.0476678	-0.0108261	0.218132
	}
}
{Volume "part5"
	{Box 13.8598 10.9764 0.647785}
	{Bone "part5"}
	{Matrix34
		1	0	0
		0	1	0
		0	0	-1
		-0.00177765	0.0284443	1.53976
	}
}
{Volume "part6"
	{Box 17.2418 15.9626 0.647785}
	{Bone "part6"}
	{Matrix34
		1	0	0
		0	1	0
		0	0	-1
		-0.0628963	-0.081789	-1.52812
	}
}
{Volume "part7"
	{Box 17.2418 15.9626 0.647785}
	{Bone "part7"}
	{Matrix34
		1	0	0
		0	1	0
		0	0	-1
		-0.00837708	-0.0817776	1.53975
	}
}
{Volume "part8"
	{Box 15.2088 19.7563 1.08893}
	{Bone "part8"}
	{Matrix34
		-1	0	0
		0	1	0
		0	0	1
		-0.00714111	-0.0846291	-0.042745
	}
}
{Volume "part9"
	{Box 32.2421 10.9515 0.647785}
	{Bone "part9"}
	{Matrix34
		1	0	0
		0	1	0
		0	0	-1
		0.0234261	-0.0705261	-1.52813
	}
}
{Volume "shieldl2"
	{Box 15.6615 16.99 0.647785}
	{Bone "shieldl2"}
	{Matrix34
		1	0	0
		0	1	0
		0	0	-1
		-0.01017	0.0027504	-1.52811
	}
}
{Volume "shieldl3"
	{Box 17.2418 15.9626 0.647785}
	{Bone "shieldl3"}
	{Matrix34
		1	0	0
		0	1	0
		0	0	-1
		-0.00803375	-0.0817871	-1.52811
	}
}
{Volume "shieldl6"
	{Box 17.2418 15.9626 0.647785}
	{Bone "shieldl6"}
	{Matrix34
		1	0	0
		0	1	0
		0	0	-1
		-0.00838661	-0.0817871	-1.52812
	}
}
{Volume "shieldl8"
	{Box 32.2421 5.14719 0.647785}
	{Bone "shieldl8"}
	{Matrix34
		1	0	0
		0	1	0
		0	0	-1
		0.0152855	-0.267235	-0.153872
	}
}
{Volume "shieldr3"
	{Box 17.2418 15.9626 0.647785}
	{Bone "shieldr3"}
	{Matrix34
		1	0	0
		0	1	0
		0	0	-1
		-0.00802612	-0.0817776	1.53975
	}
}
{Volume "shieldr4"
	{Box 17.2418 15.9626 0.647785}
	{Bone "shieldr4"}
	{Matrix34
		1	0	0
		0	1	0
		0	0	-1
		-0.0628891	-0.0817757	1.53975
	}
}
{Volume "shieldr7"
	{Box 32.2421 10.9515 0.647785}
	{Bone "shieldr7"}
	{Matrix34
		1	0	0
		0	1	0
		0	0	-1
		0.0237236	-0.0756302	1.53975
	}
}
{Volume "trackleft"
	{Polyhedron "trackleft.vol"}
	{Bone "wheelsl"}
	{Matrix34
		0.00488682	-0.00959904	0.999942
		0	0.999954	0.00959914
		-0.999988	-4.33326e-05	0.00488663
		6.47331	3.22449	-4.10018
	}
}
{Volume "trackright"
	{Polyhedron "trackright.vol"}
	{Bone "wheelsr"}
	{Matrix34
		0.00488682	-0.00959904	0.999942
		0	0.999954	0.00959914
		-0.999988	-4.33326e-05	0.00488663
		-5.64476	3.22205	-3.84572
	}
}
{Volume "turret"
	{Polyhedron "turret.vol"}
	{Bone "turret"}
	{Matrix34
		-1	0	0
		0	-1	0
		0	0	1
		-0.458113	0.0891729	-4.70034
	}
}
