;MDL File generated by SOEdit Version Next (v0.7m4)
;Model created by: Администратор
;Date: Tue Aug 16 20:42:02 2011
;File: G:\Работа с Pheonix\Редактирование\Конвертация\Т-64\T64 final 2.max
;Model create/rebuild by: Makimka
;Last build date: Saturday 10 November 2023 [16:05:00]
{Skeleton
    {Animation
        {Sequence "start"}
        {Sequence "start"}
        {Sequence "fire"}
        {Sequence "open" {Resume}}
        {Sequence "open_driver" {Speed 0.5} {Resume}}
        {Sequence "hit"}
        {Sequence "otval"}
    }
    {Bone revolute "basis"
        {Parameters "Wheelradius=0.4;"}
        {Limits -0 0}
        {Orientation
            1	0	0
            0	-1	0
            0	0	1
        }
        {Bone "wheelsr"
            {Parameters "ID=trackright;"}
            {Animation
                {Sequence "repair" {File "TrackR_r.anm"}}
            }
            {Position 0.000550985	-2.08995	12.4565}
            {Bone "trackr"
                {Parameters "ID=trackright;"}
                {Matrix34
                    1	0	0
                    0	0	1
                    0	1	0
                    -5.53859	-24.5971	0.723172
                }
                {VolumeView "trackr.ply"}
            }
            {Bone "fxtracer1"
                {Matrix34
                    -1	0	0
                    0	-1	0
                    0	0	1
                    48.6403	-25.903	-12.8949
                }
            }
            {Bone "fxtracer2"
                {Matrix34
                    -0.965926	0	0.258819
                    0	-1	0
                    0.258819	0	0.965926
                    -52.0241	-26.0365	-3.97783
                }
            }
            {Bone revolute "wheelr4"
                {Parameters "ID=trackright;"}
                {Matrix34
                    1	0	0
                    0	0	-1
                    0	1	0
                    14.2097	-20.0882	-5.52936
                }
                {VolumeView "wheelr4.ply"}
            }
            {Bone revolute "wheelr3"
                {Parameters "ID=trackright;"}
                {Matrix34
                    1	0	0
                    0	0	-1
                    0	1	0
                    33.1128	-20.0882	-5.52936
                }
                {VolumeView "wheelr3.ply"}
            }
            {Bone revolute "wheelr2"
                {Parameters "ID=trackright;"}
                {Matrix34
                    1	0	0
                    0	0	-1
                    0	1	0
                    49.7368	-20.0882	-5.52936
                }
                {VolumeView "wheelr2.ply"}
            }
            {Bone revolute "wheelr5"
                {Parameters "ID=trackright;"}
                {Matrix34
                    1	0	0
                    0	0	-1
                    0	1	0
                    -2.53585	-20.0882	-5.52936
                }
                {VolumeView "wheelr5.ply"}
            }
            {Bone revolute "wheelr6"
                {Parameters "ID=trackright;"}
                {Matrix34
                    1	0	0
                    0	0	-1
                    0	1	0
                    -20.115	-20.0882	-5.52936
                }
                {VolumeView "wheelr6.ply"}
            }
            {Bone revolute "wheelr7"
                {Parameters "ID=trackright;"}
                {Matrix34
                    1	0	0
                    0	0	-1
                    0	1	0
                    -37.5146	-20.0882	-5.52936
                }
                {VolumeView "wheelr7.ply"}
            }
        }
        {Bone "wheelsl"
            {Parameters "ID=trackleft;"}
            {Animation
                {Sequence "repair" {File "TrackL_r.anm"}}
            }
            {Matrix34
                -1	0	0
                0	-1	0
                0	0	1
                0.000551939	39.7273	7.53538
            }
            {Bone "trackl"
                {Parameters "ID=trackleft;"}
                {Matrix34
                    -1	0	0
                    0	0	1
                    0	1	0
                    5.44422	10.5899	5.64427
                }
                {VolumeView "trackl.ply"}
            }
            {Bone "fxtracel1"
                {Position -48.9704	9.18726	-8.05293}
            }
            {Bone "fxtracel2"
                {Matrix34
                    0.965926	0	0.258819
                    0	1	0
                    -0.258819	0	0.965926
                    50.91	9.18723	-0.199996
                }
            }
            {Bone revolute "wheell7"
                {Parameters "ID=trackleft;"}
                {Matrix34
                    -1	0	0
                    0	0	-1
                    0	1	0
                    37.5146	14.4039	-0.60826
                }
                {VolumeView "wheell7.ply"}
            }
            {Bone revolute "wheell6"
                {Parameters "ID=trackleft;"}
                {Matrix34
                    -1	0	0
                    0	0	-1
                    0	1	0
                    20.115	14.4039	-0.60826
                }
                {VolumeView "wheell6.ply"}
            }
            {Bone revolute "wheell5"
                {Parameters "ID=trackleft;"}
                {Matrix34
                    -1	0	0
                    0	0	-1
                    0	1	0
                    2.53585	14.4039	-0.60826
                }
                {VolumeView "wheell5.ply"}
            }
            {Bone revolute "wheell4"
                {Parameters "ID=trackleft;"}
                {Matrix34
                    -1	0	0
                    0	0	-1
                    0	1	0
                    -14.2097	14.4039	-0.60826
                }
                {VolumeView "wheell4.ply"}
            }
            {Bone revolute "wheell3"
                {Parameters "ID=trackleft;"}
                {Matrix34
                    -1	0	0
                    0	0	-1
                    0	1	0
                    -33.1128	14.4039	-0.60826
                }
                {VolumeView "wheell3.ply"}
            }
            {Bone revolute "wheell2"
                {Parameters "ID=trackleft;"}
                {Matrix34
                    -1	0	0
                    0	0	-1
                    0	1	0
                    -49.7368	14.4039	-0.60826
                }
                {VolumeView "wheell2.ply"}
            }
        }
        {Bone "body"
            {Parameters "ID=body;"}
            {Animation
                {Sequence "repair" {File "body_r.anm"}}
            }
            {Matrix34
                0	1	0
                -0.999963	0	-0.00866445
                -0.00866445	0	0.999963
                7.05224	1.34102	15.6367
            }
            {VolumeView "body.ply"}
            {Bone revolute "turret"
                {Parameters "ID=turret;"}
                {Animation
                    {Sequence "repair" {File "turret_r.anm"}}
                }
                {Speed 0.01}
                {Matrix34
                    -0	1	0
                    -1	-0	0
                    0	0	1
                    2	8.78962	11.561
                }
                {VolumeView "turret.ply"}
                {Bone "cover_gunner"
                    {Matrix34
                        -0.0314102	-0.982983	0.180991
                        0.00175513	0.181025	0.983477
                        -0.999505	0.0312087	-0.00396077
                        -0.636459	7.36023	14.3129
                    }
                    {VolumeView "cover_gunner.ply"}
                }
                {Bone "cover_com"
                    {Matrix34
                        -0.0314109	-0.999507	0
                        0.0017537	-4.83839e-05	0.999998
                        -0.999505	0.0314109	0.00175436
                        5.40137	-10.607	18.4565
                    }
                    {VolumeView "cover_com.ply"}
                }
                {Bone "optica_sh"
                    {Matrix34
                        -0.0314109	-0.999507	0
                        0.0017537	-4.83839e-05	0.999998
                        -0.999505	0.0314109	0.00175436
                        -14.5232	0.427852	17.2748
                    }
                    {VolumeView "optica_sh.ply"}
                }
                {Bone "visor2"
                    {Matrix34
                        -1	0	0
                        0	0	1
                        0	1	0
                        -9.65581	-12.3189	14.8064
                    }
                }
                {Bone revolute "mgun"
                    {Parameters "ID=mgun;"}
                    {Limits -5 35}
                    {Speed 0.01}
                    {Matrix34
                        -1	0	0
                        1.00055e-05	0	1
                        0	1	0
                        -26.1644	8.20964	6.91903
                    }
                    {VolumeView "mgun.ply"}
                    {Bone "foresight5"
                        {Matrix34
                            0.999999	0	0.00170471
                            0	0.999998	-0.00180438
                            -0.00170468	0.00180432	0.999997
                            3.24956	0.00492477	0.0286102
                        }
                    }
                }
                {Bone "headlightr"
                    {Matrix34
                        -1	0	0
                        0	0	1
                        0	1	0
                        -25.4118	15.7534	8.4568
                    }
                }
                {Bone "visor3"
                    {Matrix34
                        -1	0	0
                        0	0	1
                        0	1	0
                        -29.2231	-6.89987	4.52633
                    }
                }
                {Bone "gun_rot"
                    {Parameters "ID=gun;"}
                    {Matrix34
                        -0.0314114	-0.999507	0
                        0.00175368	-4.89729e-05	0.999998
                        -0.999505	0.0314114	0.00175436
                        -27.2916	2.8628	6.75998
                    }
                    {VolumeView "gun_rot.ply"}
                }
                {Bone revolute "gun_rot_helper"
                    {Limits -5 15}
                    {Speed 0.01}
                    {Matrix34
                        -1	0	0
                        0	0	1
                        0	1	0
                        -25.8082	0.962014	6.44689
                    }
                    {Bone "gun"
                        {Parameters "ID=gun;"}
                        {Matrix34
                            0.0314182	0	-0.999506
                            -0.00175003	0.999998	-5.79347e-05
                            0.999505	0.00175099	0.0314182
                            47.3653	-0.224709	0.535191
                        }
                        {VolumeView "gun.ply"}
                        {Bone "foresight1"
                            {Matrix34
                                0.0314186	-0.00174996	0.999505
                                0	0.999998	0.00175091
                                -0.999506	-5.7691e-05	0.0314186
                                1.73054	-0.230019	39.4049
                            }
                        }
                    }
                }
                {Bone "krovat_0"
                    {Parameters "ID=shieldL1;"}
                    {Matrix34
                        0.515615	-0.324099	-0.00320526
                        0.0613904	0.317333	1.00364
                        -0.158037	-0.890549	0.343484
                        -14.69	-22	6.54998
                    }
                    {VolumeView "shield_net.ply"}
                }
                {Bone "krovat_0_0"
                    {Parameters "ID=shieldL1;"}
                    {Matrix34
                        0.534469	0.145208	0.0908592
                        -0.0586499	0.221482	1.03014
                        0.0742039	-0.963681	0.236297
                        8.96999	-25.65	7.50998
                    }
                    {VolumeView "shield_net.ply"}
                }
                {Bone "krovat_1"
                    {Parameters "ID=shieldL1;"}
                    {Matrix34
                        -0.865104	-0.194956	0.0247996
                        0.0316074	-0.243187	1.02437
                        -0.0674542	0.969479	0.277344
                        -6.93002	23.84	7.02999
                    }
                    {VolumeView "shield_net.ply"}
                }
                {Bone "krovat_1_0"
                    {Parameters "ID=shieldL1;"}
                    {Matrix34
                        -0.134739	0.987412	-0.0501872
                        -0.384455	-0.0884435	1.032
                        0.839623	0.261847	0.456711
                        25.52	2.84	8.01998
                    }
                    {VolumeView "shield_net.ply"}
                }
            }
            {Bone "engine"
                {Parameters "ID=engine;"}
                {Animation
                    {Sequence "repair" {File "engine_r.anm"}}
                }
                {Position 0.955858	49.5188	9.51063}
                {VolumeView "engine.ply"}
                {Bone "fxfire2"
                    {Matrix34
                        -0.0278951	0.0196329	0.999418
                        -0.0203921	0.999588	-0.0202054
                        -0.999403	-0.0209439	-0.0274832
                        -6.88009	-2.96408	1.66562
                    }
                }
            }
            {Bone "door_front"
                {Position -7.64207	-25.6967	12.1609}
                {VolumeView "door_front.ply"}
            }
            {Bone revolute "shieldl3"
                {Parameters "ID=shieldL3;"}
                {Position 36.6939	-25.1227	7.78815}
                {VolumeView "shieldl3.ply"}
            }
            {Bone revolute "shieldl4"
                {Parameters "ID=shieldL4;"}
                {Position 36.6939	0.637899	7.6144}
                {VolumeView "shieldl4.ply"}
            }
            {Bone "shieldr3"
                {Parameters "ID=shieldR3;"}
                {Position -36.3694	-25.0471	8.06693}
                {VolumeView "shieldr3.ply"}
            }
            {Bone "shieldr4"
                {Parameters "ID=shieldR4;"}
                {Position -36.3694	0.793786	8.06693}
                {VolumeView "shieldr4.ply"}
            }
            {Bone "shieldl2"
                {Parameters "ID=shieldL2;"}
                {Position 36.6939	-52.4078	7.95921}
                {VolumeView "shieldl2.ply"}
            }
            {Bone "shieldr2"
                {Parameters "ID=shieldR2;"}
                {Position -36.3694	-52.2473	8.06693}
                {VolumeView "shieldr2.ply"}
            }
            {Bone "shieldl1"
                {Parameters "ID=shieldL1;"}
                {Position 36.7178	-65.1541	6.42836}
                {VolumeView "shieldl1.ply"}
            }
            {Bone "shieldr1"
                {Parameters "ID=shieldR1;"}
                {Position -36.4292	-65.3286	6.7323}
                {VolumeView "shieldr1.ply"}
            }
            {Bone revolute "wheelr8"
                {Parameters "ID=trackright;"}
                {Matrix34
                    0	-1	0
                    0	0	-1
                    1	0	0
                    -19.9828	58.3807	-2.24741
                }
                {VolumeView "wheelr8.ply"}
            }
            {Bone revolute "wheelr1"
                {Parameters "ID=trackright;"}
                {Matrix34
                    0	-1	0
                    0	0	-1
                    1	0	0
                    -23.5192	-55.595	-1.10165
                }
                {VolumeView "wheelr1.ply"}
            }
            {Bone revolute "wheell1"
                {Parameters "ID=trackleft;"}
                {Matrix34
                    0	-1	0
                    0	0	-1
                    -1	0	0
                    23.9824	-55.595	-1.10165
                }
                {VolumeView "wheell1.ply"}
            }
            {Bone revolute "wheell8"
                {Parameters "ID=trackleft;"}
                {Matrix34
                    0	-1	0
                    0	0	-1
                    -1	0	0
                    20.8353	58.3807	-2.24741
                }
                {VolumeView "wheell8.ply"}
            }
            {Bone "fxfire1"
                {Matrix34
                    0.0209931	-0.999403	-0.0274461
                    0.999551	0.0203935	0.0219499
                    -0.021377	-0.0278946	0.999382
                    -12.1256	16.6521	18.1955
                }
            }
            {Bone "fxfire3"
                {Matrix34
                    0.0209931	-0.999403	-0.0274461
                    0.999551	0.0203935	0.0219499
                    -0.021377	-0.0278946	0.999382
                    0.704371	-26.9873	9.14669
                }
            }
            {Bone "seat01"
                {Matrix34
                    0.999551	0.0203935	0.0219499
                    -0.0209932	0.999403	0.0274461
                    -0.0213771	-0.0278946	0.999382
                    34.8126	25.6714	5.42641
                }
            }
            {Bone "seat02"
                {Matrix34
                    0.999551	0.0203935	0.0219499
                    -0.0209932	0.999403	0.0274461
                    -0.0213771	-0.0278946	0.999382
                    34.7046	51.3555	5.54123
                }
            }
            {Bone "seat04"
                {Matrix34
                    -0.999551	-0.0203937	-0.0219497
                    0.0209933	-0.999403	-0.0274457
                    -0.0213768	-0.0278942	0.999382
                    -35.3252	30.386	4.39438
                }
            }
            {Bone "seat03"
                {Matrix34
                    -0.999551	-0.0203937	-0.0219497
                    0.0209933	-0.999403	-0.0274457
                    -0.0213768	-0.0278942	0.999382
                    -35.4061	54.0053	4.54242
                }
            }
            {Bone "emit0"
                {Matrix34
                    0	1	0
                    -0.999998	0	-0.00174521
                    -0.00174523	0	0.999999
                    -0.291014	-71.9283	-13.1934
                }
            }
            {Bone "emit2"
                {Matrix34
                    0.999998	0	0.00174522
                    0	1	0
                    -0.00174522	0	0.999999
                    -44.5228	-8.52003	-9.81791
                }
                {Visibility 0}
            }
            {Bone "emit1"
                {Matrix34
                    -0.999998	0	-0.00174533
                    0	-1	0
                    -0.00174533	0	0.999999
                    45.4285	-7.20805	-10.864
                }
                {Visibility 0}
            }
            {Bone "emit6"
                {Matrix34
                    0.999998	0	0.00174522
                    0	1	0
                    -0.00174522	0	0.999999
                    -44.5228	31.2662	-9.81791
                }
                {Visibility 0}
            }
            {Bone "emit3"
                {Matrix34
                    -0.996193	0.0871564	-0.00173869
                    -0.0871563	-0.996195	-0.00015211
                    -0.00174533	0	0.999999
                    45.4282	33.3089	-10.864
                }
                {Visibility 0}
            }
            {Bone "emit4"
                {Matrix34
                    -0.999998	0	-0.00174533
                    0	-1	0
                    -0.00174533	0	0.999999
                    45.4281	51.5568	-10.864
                }
                {Visibility 0}
            }
            {Bone "emit5"
                {Matrix34
                    0.999998	0	0.00174522
                    0	1	0
                    -0.00174522	0	0.999999
                    -44.5229	52.1442	-9.81789
                }
                {Visibility 0}
            }
            {Bone "body_systems"
                {Matrix34
                    0	-0.999963	-0.00866445
                    1	0	0
                    0	-0.00866445	0.999963
                    1.87941	-37.2912	-4.72815
                }
            }
            {Bone "headlightl"
                {Matrix34
                    0.020993	-0.999403	-0.0274461
                    0.999551	0.0203933	0.0219499
                    -0.0213771	-0.0278946	0.999382
                    17.899	-57.2908	5.15206
                }
            }
            {Bone "fxsmoke1"
                {Matrix34
                    -0.0196243	0.93917	0.342891
                    -0.99968	-0.012961	-0.0217141
                    -0.015949	-0.343208	0.939124
                    -18.1213	67.0388	7.87511
                }
            }
            {Bone "otval"
                {Parameters "ID=body;"}
                {Matrix34
                    1	0	0
                    0	0.999574	0.0291823
                    0	-0.0291823	0.999574
                    -0.000165224	-60.7646	-4.10677
                }
                {VolumeView "otval.ply"}
            }
            {Bone "krovat"
                {Parameters "ID=shieldR1;"}
                {Matrix34
                    1.00882	-0.00398002	0.00280817
                    0.00133557	0.710761	0.443957
                    -0.00197573	-0.045515	0.824561
                    0.100001	-55.9599	8.63
                }
                {VolumeView "shield_net.ply"}
            }
            {Bone "shieldr10"
                {Matrix34
                    -0.011047	-1.00027	-0.0360521
                    0.999595	-0.00440184	-0.0259573
                    0.0254041	-0.0159266	0.998617
                    -0.471302	-74.8342	-0.221903
                }
                {VolumeView "shieldr10.ply"}
            }
        }
    }
}
{Volume "ammo_storage_main1"
    {Box 13.7795 7.87402 7.87402}
    {Bone "body_systems"}
    {Position -18.4359	-14.1348	1.32444}
}
{Volume "ammo_storage_main"
    {Cylinder 15.748 9.4055}
    {Bone "turret"}
    {Position 19.6129	-0.659943	-20.194}
}
{Volume "ammo_storage_mgun1"
    {Box 1.9685 4.92126 3.93701}
    {Bone "turret"}
    {Matrix34
        0.499988	0.866032	0
        -0.866032	0.499988	0
        0	0	1
        8.46195	-17.1418	-1.86917
    }
}
{Volume "ammo_storage_mgun"
    {Box 1.9685 4.92126 3.93701}
    {Bone "turret"}
    {Matrix34
        0.824127	0.566406	0
        -0.566406	0.824127	0
        0	0	1
        3.47853	-10.3065	0.203047
    }
}
{Volume "body1"
    {Polyhedron "body1.vol"}
    {Bone "body"}
    {Matrix34
        0	-0.999963	-0.00866443
        0	0.00866443	-0.999963
        1	0	0
        1.19766	1.54103	-3.92499
    }
}
{Volume "body2"
    {Polyhedron "body2.vol"}
    {Bone "body"}
    {Matrix34
        0	-0.999963	-0.00866443
        0	-0.00866443	0.999963
        -1	0	0
        1.19766	1.4535	6.17606
    }
}
{Volume "commander_place"
    {Box 7.67717 9.25197 25.5906}
    {Bone "turret"}
    {Position 13.9777	-8.01915	-9.84327}
}
{Volume "commander_triplex"
    {Box 7.51282 2.56784 3.67272}
    {Bone "turret"}
    {Position 30.4039	11.7676	5.29181}
}
{Volume "comp_armor_body"
    {Polyhedron "comp_armor_body.vol"}
    {Bone "body"}
    {Matrix34
        0	-0.936694	-0.350149
        1	0	0
        0	-0.350149	0.936694
        0.209659	-45.9592	6.31241
    }
}
{Volume "comp_armor_turret1"
    {Polyhedron "comp_armor_turret1.vol"}
    {Bone "turret"}
    {Matrix34
        -0.789168	0.614152	-0.0055694
        -0.614118	-0.789186	-0.00663742
        -0.00847167	-0.00181777	0.999962
        -17.4613	-21.5539	-12.9792
    }
}
{Volume "comp_armor_turret"
    {Polyhedron "comp_armor_turret.vol"}
    {Bone "turret"}
    {Matrix34
        -0.766045	-0.642763	-0.0055694
        0.642788	-0.766016	-0.00663742
        0	-0.0086645	0.999963
        17.5848	-20.5588	-12.6471
    }
}
{Volume "driver_panel"
    {Box 1.5748 15.748 5.90551}
    {Bone "body_systems"}
    {Matrix34
        0.984401	0	0.175937
        0	1	0
        -0.175937	0	0.984401
        2.83886	-1.38952	8.86328
    }
}
{Volume "driver_place"
    {Box 16.9291 9.25197 15.1181}
    {Bone "body_systems"}
    {Position -11.0817	-1.28702	5.47294}
}
{Volume "driver_triplex"
    {Box 0.408701 5.57573 1.9685}
    {Bone "body_systems"}
    {Matrix34
        0.999695	0	0.0246876
        0	1	0
        -0.0246876	0	0.999695
        -3.66844	-1.42927	15.8275
    }
}
{Volume "engine"
    {Box 27.5 38.5418 17.5}
    {Bone "body"}
    {Matrix34
        0	-0.999963	-0.00866445
        1	0	0
        0	-0.00866445	0.999963
        0.471361	44.0587	0.733798
    }
}
{Volume "front_wheels"
    {Box 5.90551 35.4331 5.90551}
    {Bone "body_systems"}
    {Position 14.389	-1.74752	3.12768}
}
{Volume "fuel_tank_internal_a"
    {Box 23.622 9.84252 13.7795}
    {Bone "body_systems"}
    {Position -6.53812	11.5949	4.64999}
}
{Volume "fuel_tank_internal_b"
    {Box 23.622 9.84252 13.7795}
    {Bone "body_systems"}
    {Position -5.53787	-14.2634	4.16868}
}
{Volume "fuel_tank_internal_c"
    {Box 49.2126 6.88976 5.90551}
    {Bone "body_systems"}
    {Position -40.4188	12.8181	12.3317}
}
{Volume "fuel_tank_internal_d"
    {Box 49.2126 6.88976 5.90551}
    {Bone "body_systems"}
    {Position -40.3583	-15.5982	12.7096}
}
{Volume "gun"
    {Cylinder 2.44735 103.718}
    {Bone "gun"}
    {Matrix34
        -0.897008	0.441359	0.0240283
        0.441227	0.897331	-0.0107715
        -0.0263154	0.000939782	-0.999655
        0.238117	-0.735003	0.030451
    }
}
{Volume "gunner_place"
    {Box 8.46457 10.0394 27.5591}
    {Bone "turret"}
    {Position 16.0083	9.02241	-11.0187}
}
{Volume "mgun"
    {Box 12.4016 1.37795 1.54331}
    {Bone "mgun"}
    {Matrix34
        0	-0.999963	-0.00866538
        0	0.00866538	-0.999963
        1	0	0
        -0.0756975	2.15734	-0.043419
    }
}
{Volume "panel_engine_connectors"
    {Box 78.7402 5.90551 1.37795}
    {Bone "body_systems"}
    {Matrix34
        0.999971	0	0.00758784
        0	1	0
        -0.00758784	0	0.999971
        -35.9212	-1.57156	-1.80295
    }
}
{Volume "ppu1"
    {Box 13.7795 1.9685 6.88976}
    {Bone "body_systems"}
    {Position -10.0749	5.46558	2.41108}
}
{Volume "ppu"
    {Box 1.9685 6.88976 6.88976}
    {Bone "body_systems"}
    {Position -18.9683	-12.4751	7.39838}
}
{Volume "shieldl1"
    {Polyhedron "shieldl1.vol"}
    {Bone "shieldl1"}
    {Matrix34
        0	-1	0
        1	0	0
        0	0	1
        0.12151	3.37143	-22.5558
    }
}
{Volume "shieldl2"
    {Polyhedron "shieldl2.vol"}
    {Bone "shieldl2"}
    {Matrix34
        0	-1	0
        1	0	0
        0	0	1
        0.962013	6.61774	-24.0866
    }
}
{Volume "shieldl3"
    {Polyhedron "shieldl3.vol"}
    {Bone "shieldl3"}
    {Matrix34
        0	-1	0
        1	0	0
        0	0	1
        0.962009	6.6028	-23.9156
    }
}
{Volume "shieldl4"
    {Polyhedron "shieldl4.vol"}
    {Bone "shieldl4"}
    {Matrix34
        0	-1	0
        1	0	0
        0	0	1
        0.962017	6.79515	-23.7418
    }
}
{Volume "shieldr1"
    {Polyhedron "shieldr1.vol"}
    {Bone "shieldr1"}
    {Matrix34
        0	-1	0
        1	0	0
        0	0	1
        0.081749	3.54591	-22.8597
    }
}
{Volume "shieldr2"
    {Polyhedron "shieldr2.vol"}
    {Bone "shieldr2"}
    {Matrix34
        0	-1	0
        1	0	0
        0	0	1
        0.0219498	6.45723	-24.1944
    }
}
{Volume "shieldr3"
    {Polyhedron "shieldr3.vol"}
    {Bone "shieldr3"}
    {Matrix34
        0	-1	0
        1	0	0
        0	0	1
        0.0219536	6.15554	-24.1944
    }
}
{Volume "shieldr4"
    {Polyhedron "shieldr4.vol"}
    {Bone "shieldr4"}
    {Matrix34
        0	-1	0
        1	0	0
        0	0	1
        0.0219536	6.89224	-24.1944
    }
}
{Volume "stabilizer"
    {Box 13.7795 6.88976 6.88976}
    {Bone "gun_rot"}
    {Matrix34
        0.81207	0	0
        0	-0.81207	0
        0	0	-0.81207
        -9.4093	0.313376	-1.75216
    }
}
{Volume "trackleft"
    {Polyhedron "trackleft.vol"}
    {Bone "wheelsl"}
    {Matrix34
        -1	0	0
        0	-1	0
        0	0	1
        -5.5451	8.56358	-7.37781
    }
}
{Volume "trackright"
    {Polyhedron "trackright.vol"}
    {Bone "wheelsr"}
    {Position 5.71035	-25.702	-12.4153}
}
{Volume "transmission"
    {Box 7.5 35 9.84252}
    {Bone "body_systems"}
    {Position -98.9498	0.118079	10.3043}
}
{Volume "turret_move_engine"
    {Box 3.93701 3.93701 3.93701}
    {Bone "turret"}
    {Position 30.8172	9.38805	-3.68402}
}
{Volume "turret_ring"
    {Cylinder 17.3956 3.74406}
    {Bone "turret"}
    {Matrix34
        0.999971	0	0.00758784
        0	1	0
        -0.00758784	0	0.999971
        21.3165	-0.38845	-8.24557
    }
}
{Volume "turret"
    {Polyhedron "turret.vol"}
    {Bone "turret"}
    {Matrix34
        -0.999403	-0.0207064	-0.0276627
        0.0203936	-0.999725	0.0115437
        -0.0278942	0.0109727	0.999551
        -2.74333	0.970859	7.883
    }
}
