;Exported by: Timosh
;Date:        Thu Nov  9 19:00:17 2023
;File:        G:\?????? ? Pheonix\??????????????\??????\?????? ? ???????\angar_military ?????????????\angar_military x 25.max
{Skeleton
	{bone "roof_04"
		{Orientation
			1	0	0
			0	-1	0
			0	0	1
		}
		{bone "piece1"
			{Matrix34
				0.996195	0	-0.0871557
				0	1	0
				0.0871557	0	0.996195
				6.73198	-0.000579834	133.317
			}
			{VolumeView "piece1.ply"}
		}
		{bone "piece2"
			{Matrix34
				0.996195	0	-0.0871557
				0	1	0
				0.0871557	0	0.996195
				57.2825	10.7164	129.536
			}
			{VolumeView "piece2.ply"}
		}
		{bone "piece3"
			{Matrix34
				0.996195	0	-0.0871557
				0	1	0
				0.0871557	0	0.996195
				30.0262	39.6457	133.133
			}
			{VolumeView "piece3.ply"}
		}
		{bone "piece4"
			{Position 0	0	114.287}
			{VolumeView "piece4.ply"}
		}
		{bone "piece5"
			{Matrix34
				0.996195	0	-0.0871557
				0	1	0
				0.0871557	0	0.996195
				-19.3294	25.412	139.644
			}
			{VolumeView "piece5.ply"}
		}
		{bone "piece6"
			{Matrix34
				0.996195	0	-0.0871557
				0	1	0
				0.0871557	0	0.996195
				87.668	32.1353	125.525
			}
			{VolumeView "piece6.ply"}
		}
	}
}
{Volume "piece1"
	{Box 118.566 4.00978 7.11473}
	{Bone "piece1"}
	{Position 0.0821838	0	0.00865936}
}
{Volume "piece2"
	{Box 38.1898 37.2077 5.48135}
	{Bone "piece2"}
	{Position -0.000183105	0	-1.52588e-05}
}
{Volume "piece3"
	{Box 54.2664 38.4425 6.18504}
	{Bone "piece3"}
	{Position -0.000228882	0	-3.8147e-05}
}
{Volume "piece4"
	{Box 132.772 4.02901 2.10919}
	{Bone "piece4"}
}
{Volume "piece5"
	{Box 50.0046 66.9399 5.99156}
	{Bone "piece5"}
	{Position -0.000244141	0	-8.39233e-05}
}
{Volume "piece6"
	{Box 55.4106 45.7211 6.24278}
	{Bone "piece6"}
	{Position -0.000366211	0	0.000831604}
}
