;Exported by: Timosh
;Date:        Thu Nov  9 19:00:15 2023
;File:        G:\?????? ? Pheonix\??????????????\??????\?????? ? ???????\angar_military ?????????????\angar_military x 25.max
{Skeleton
	{bone "roof_16"
		{Orientation
			1	0	0
			0	-1	0
			0	0	1
		}
		{bone "piece1"
			{Position 42.7614	0.00747681	114.133}
			{VolumeView "piece1.ply"}
		}
		{bone "piece2"
			{Matrix34
				0.996195	0	0.0871557
				0	1	0
				-0.0871557	0	0.996195
				-30.0765	-41.4429	150.741
			}
			{VolumeView "piece2.ply"}
		}
		{bone "piece3"
			{Matrix34
				0.996195	0	0.0871557
				0	1	0
				-0.0871557	0	0.996195
				-15.3673	9.41505	153.064
			}
			{VolumeView "piece3.ply"}
		}
		{bone "piece4"
			{Matrix34
				0.996195	0	-0.0871557
				0	1	0
				0.0871557	0	0.996195
				56.9311	-39.2883	148.539
			}
			{VolumeView "piece4.ply"}
		}
		{bone "piece5"
			{Matrix34
				0.996195	0	0.0871557
				0	1	0
				-0.0871557	0	0.996195
				-63.0889	-3.00294	146.245
			}
			{VolumeView "piece5.ply"}
		}
		{bone "piece6"
			{Matrix34
				0.996195	0	-0.0871557
				0	1	0
				0.0871557	0	0.996195
				58.828	8.97047	148.303
			}
			{VolumeView "piece6.ply"}
		}
		{bone "piece7"
			{Position 4.9817	0.00338745	25.0611}
			{VolumeView "piece7.ply"}
		}
	}
}
{Volume "piece1"
	{Box 73.9409 3.91638 2.01435}
	{Bone "piece1"}
	{Position 0	0	0}
}
{Volume "piece2"
	{Box 57.7566 46.184 6.50789}
	{Bone "piece2"}
	{Position 0.000281334	0	-3.8147e-05}
}
{Volume "piece3"
	{Box 59.6774 41.3719 8.07373}
	{Bone "piece3"}
	{Position -0.142046	0	0.402374}
}
{Volume "piece4"
	{Box 64.9914 37.7051 6.65038}
	{Bone "piece4"}
	{Position 0.163891	0	0.0216293}
}
{Volume "piece5"
	{Box 36.9351 66.2871 5.53574}
	{Bone "piece5"}
	{Position -0.154961	0	0.0213928}
}
{Volume "piece6"
	{Box 54.2288 49.9496 6.1777}
	{Bone "piece6"}
	{Position 0.0668335	0	0.0131226}
}
{Volume "piece7"
	{Box 5.64587 5.5208 52.5306}
	{Bone "piece7"}
}
