;Exported by: Timosh
;Date:        Thu Nov  9 19:00:18 2023
;File:        G:\?????? ? Pheonix\??????????????\??????\?????? ? ???????\angar_military ?????????????\angar_military x 25.max
{Skeleton
	{bone "roof_23"
		{Orientation
			1	0	0
			0	-1	0
			0	0	1
		}
		{bone "piece1"
			{Matrix34
				0.996195	0	0.0871557
				0	1	0
				-0.0871557	0	0.996195
				7.84045	0.0131226	122.163
			}
			{VolumeView "piece1.ply"}
		}
		{bone "piece2"
			{Matrix34
				0.996195	0	0.0871557
				0	1	0
				-0.0871557	0	0.996195
				-6.83032	-13.9192	123.079
			}
			{VolumeView "piece2.ply"}
		}
		{bone "piece3"
			{Matrix34
				0.996195	0	0.0871557
				0	1	0
				-0.0871557	0	0.996195
				-41.8434	-37.2191	118.349
			}
			{VolumeView "piece3.ply"}
		}
		{bone "piece4"
			{Position 6.77925	0.0171509	113.713}
			{VolumeView "piece4.ply"}
		}
	}
}
{Volume "piece1"
	{Box 92.5958 3.94063 6.26209}
	{Bone "piece1"}
	{Position 0	0	1.90735e-05}
}
{Volume "piece2"
	{Box 41.1559 43.7706 5.75555}
	{Bone "piece2"}
	{Position 0.0107422	0	-0.00880432}
}
{Volume "piece3"
	{Box 43.5884 74.7451 5.87431}
	{Bone "piece3"}
	{Position 0.0558167	0	-0.0129013}
}
{Volume "piece4"
	{Box 91.7804 3.9447 2.04343}
	{Bone "piece4"}
}
