;MDL File generated by SOEdit Version Next (v0.7m4)
;Model created by: Makimka
;Date: Friday 9 November 2023 [22:17:26]
;Model create/rebuild by: Makimka
;Last build date: Sunday 9 December 2023 [19:14:31]
{Skeleton
    {Animation
        {Sequence "close" {Speed 0.5}}
    }
    {Bone revolute "basis"
        {Speed 0.01}
        {Orientation
            1	0	0
            0	-1	0
            0	0	1
        }
        {Bone "emit1"
            {Position -13.8951	9.3434	1.55034}
        }
        {Bone "emit2"
            {Position -13.8951	-6.95733	1.55035}
        }
        {Bone "body"
            {Parameters "ID=body;"}
            {Matrix34
                0.999858	0.0168627	0
                -0.0168627	0.999858	0
                0	0	1
                1.47365	2.14566	20.448
            }
            {VolumeView "body.ply"}
            {Bone "driver1"
                {Position -8.01289	9.95379	-20.2052}
            }
            {Bone "driver2"
                {Position -8.01288	-7.36066	-20.2052}
            }
            {Bone "object03"
                {Position -3.03335	0.29315	-0.887135}
                {VolumeView "object03.ply"}
            }
            {Bone "object04"
                {Position -0.438368	5.09589	-1.00257}
                {VolumeView "object04.ply"}
            }
            {Bone "object05"
                {Position -0.406678	-4.58089	-1.1381}
                {VolumeView "object05.ply"}
            }
            {Bone revolute "turret"
                {Parameters "ID=turret;"}
                {Position -0.92436	-0.0721753	0.705685}
                {VolumeView "turret.ply"}
                {Bone "visor1"
                    {Matrix34
                        1	0	0
                        0	0	1
                        0	-1	0
                        -9.97193	-0.213147	7.76951
                    }
                }
                {Bone "commander"
                    {Matrix34
                        0.984808	0.173648	0
                        -0.173648	0.984808	0
                        0	0	1
                        -20.0913	9.58977	-21.0108
                    }
                }
                {Bone "gunner"
                    {Matrix34
                        0.996195	-0.0871557	0
                        0.0871557	0.996195	0
                        0	0	1
                        -21.232	-10.8459	-20.9934
                    }
                }
                {Bone revolute "mgun_rot"
                    {Parameters "ID=mgun;"}
                    {Limits -150 -150}
                    {Matrix34
                        0.999331	0.0271997	0.0244589
                        -0.02739	0.999588	0.00749754
                        -0.0242449	-0.00816382	0.999665
                        -11.4744	4.9432	2.22957
                    }
                    {Bone "mgun"
                        {Parameters "ID=mgun;"}
                        {Matrix34
                            0.999931	-0.00963253	0.00602249
                            -0.00598011	0.0044243	0.999963
                            -0.00965899	-0.999936	0.00436673
                            13.0362	-5.72502	5.05997
                        }
                        {VolumeView "nar1.ply"}
                        {Bone "foresight3"
                            {Matrix34
                                0.999439	-0.0335042	0
                                0	0	1
                                -0.0335042	-0.999439	0
                                19.1037	-0.16947	0.40924
                            }
                        }
                    }
                }
            }
        }
    }
}
{Volume "body"
    {Polyhedron "body.vol"}
    {Bone "body"}
    {Position -1.15983	0.045503	0.42445}
}
