;MDL File generated by SOEdit Version Next (v0.7m4)
;Model created by: Андрей
;Date: Tue Apr 26 15:15:36 2016
;File: G:\Модели все\Модели к 1.6.1\T-55A\Т-55 МАХ2009.max
;Model create/rebuild by: MoCKBu4
;Last build date: Thursday 17 May 2023 [20:07:24]
{Skeleton
    {Animation
        {Sequence "start" {Speed 0.9}}
        {Sequence "stop" {Speed 0.9}}
        {Sequence "fire"}
        {Sequence "open1" {Speed 0.3} {Resume}}
        {Sequence "open12" {Speed 0.3} {Resume}}
        {Sequence "open2" {Speed 0.3} {Resume}}
        {Sequence "open_driver" {Speed 0.1} {Resume}}
    }
    {Bone revolute "basis"
        {Parameters "Wheelradius=0.4;"}
        {Limits -0 0}
        {Orientation
            1	0	0
            0	-1	0
            0	0	1
        }
        {Bone "emit1"
            {Matrix34
                0	-1	0
                1	0	0
                0	0	1
                20.681	43.8494	0
            }
        }
        {Bone "emit2"
            {Matrix34
                0	1	0
                -1	0	0
                0	0	1
                20.681	-48.7292	0
            }
        }
        {Bone "emit0"
            {Matrix34
                -1	0	0
                0	-1	0
                0	0	1
                67.7265	12.6863	0
            }
        }
        {Bone "fxtracel2"
            {Matrix34
                -1	0	0
                0	0	1
                0	1	0
                -38.5963	27.4107	0.203505
            }
        }
        {Bone "fxtracel1"
            {Matrix34
                -1	0	0
                0	0	1
                0	1	0
                37.9811	27.4107	0.203503
            }
        }
        {Bone "fxtracer2"
            {Matrix34
                -1	0	0
                0	0	1
                0	1	0
                -38.5963	-27.3684	0.203506
            }
        }
        {Bone "fxtracer1"
            {Matrix34
                -1	0	0
                0	0	1
                0	1	0
                37.9811	-27.3684	0.203506
            }
        }
        {Bone "wheelsr"
            {Parameters "ID=trackright;"}
            {Matrix34
                0	1	0
                0	0	1
                1	0	0
                -7.00635	-21.2824	10.3127
            }
            {Bone revolute "wheelr4"
                {Parameters "ID=trackright;"}
                {Matrix34
                    0	0	-1
                    1.08478e-05	1	0
                    1	-1.08484e-05	0
                    -5.86767	-0.578321	3.43217
                }
                {VolumeView "wheelr4.ply"}
            }
            {Bone revolute "wheelr6"
                {Parameters "ID=trackright;"}
                {Matrix34
                    0	0	-1
                    1.08478e-05	1	0
                    1	-1.08484e-05	0
                    -5.86893	-0.534357	-30.8929
                }
                {VolumeView "wheelr6.ply"}
            }
            {Bone revolute "wheelr2"
                {Parameters "ID=trackright;"}
                {Matrix34
                    0	0	-1
                    1.08478e-05	1	0
                    1	-1.08484e-05	0
                    -5.86622	-0.63039	44.0712
                }
                {VolumeView "wheelr2.ply"}
            }
            {Bone revolute "wheelr3"
                {Parameters "ID=trackright;"}
                {Matrix34
                    0	0	-1
                    1.08478e-05	1	0
                    1	-1.08484e-05	0
                    -5.86709	-0.600444	20.7031
                }
                {VolumeView "wheelr3.ply"}
            }
            {Bone revolute "wheelr5"
                {Parameters "ID=trackright;"}
                {Matrix34
                    0	0	-1
                    1.08478e-05	1	0
                    1	-1.08484e-05	0
                    -5.8683	-0.556337	-13.7318
                }
                {VolumeView "wheelr5.ply"}
            }
            {Bone "trackr"
                {Parameters "ID=trackright;"}
                {Matrix34
                    0.0838783	0	0.996476
                    0.995893	0	-0.090543
                    0	1	0
                    -6.15392	2.38889	7.00756
                }
                {VolumeView "trackr.ply"}
            }
        }
        {Bone "wheelsl"
            {Parameters "ID=trackleft;"}
            {Matrix34
                0	1	0
                0	0	1
                1	0	0
                -7.00636	21.3086	10.3127
            }
            {Bone revolute "wheell2"
                {Parameters "ID=trackleft;"}
                {Matrix34
                    0	0	-1
                    1.08478e-05	1	0
                    1	-1.08484e-05	0
                    5.83174	-0.742998	42.0092
                }
                {VolumeView "wheell2.ply"}
            }
            {Bone revolute "wheell3"
                {Parameters "ID=trackleft;"}
                {Matrix34
                    0	0	-1
                    1.08478e-05	1	0
                    1	-1.08484e-05	0
                    5.83092	-0.713058	18.6412
                }
                {VolumeView "wheell3.ply"}
            }
            {Bone revolute "wheell4"
                {Parameters "ID=trackleft;"}
                {Matrix34
                    0	0	-1
                    1.08478e-05	1	0
                    1	-1.08484e-05	0
                    5.83029	-0.690947	1.37026
                }
                {VolumeView "wheell4.ply"}
            }
            {Bone revolute "wheell5"
                {Parameters "ID=trackleft;"}
                {Matrix34
                    0	0	-1
                    1.08478e-05	1	0
                    1	-1.08484e-05	0
                    5.82967	-0.668957	-15.7937
                }
                {VolumeView "wheell5.ply"}
            }
            {Bone revolute "wheell6"
                {Parameters "ID=trackleft;"}
                {Matrix34
                    0	0	-1
                    1.08478e-05	1	0
                    1	-1.08484e-05	0
                    5.82906	-0.646972	-32.9548
                }
                {VolumeView "wheell6.ply"}
            }
            {Bone "trackl"
                {Parameters "ID=trackleft;"}
                {Matrix34
                    0.0838783	0	0.996476
                    0.995893	0	-0.090543
                    0	1	0
                    5.59423	2.38886	7.00765
                }
                {VolumeView "trackl.ply"}
            }
        }
        {Bone "body"
            {Parameters "ID=body;"}
            {Matrix34
                0.0314182	0.999506	0
                -0.00174985	5.72703e-05	0.999998
                0.999505	-0.0314182	0.00175078
                -6.69425	4.12978	19.3321
            }
            {VolumeView "body.ply"}
            {Bone "visor1"
                {Matrix34
                    0.0314182	-0.00174996	0.999505
                    0	0.999998	0.0017509
                    -0.999506	-5.73596e-05	0.0314181
                    8.29186	10.7857	42.9927
                }
            }
            {Bone "headlightl"
                {Matrix34
                    0.0314182	-0.00174996	0.999505
                    0	0.999998	0.0017509
                    -0.999506	-5.73596e-05	0.0314181
                    -7.58522	8.22402	51.777
                }
            }
            {Bone "fxsmoke1"
                {Matrix34
                    0.995704	-0.0870946	-0.0314441
                    -0.0314103	0.00175888	-0.999505
                    0.0871068	0.996198	-0.000984346
                    28.5487	5.90005	-27.476
                }
            }
            {Bone "fxsmoke2"
                {Matrix34
                    0.995704	-0.0870946	-0.0314441
                    -0.0314103	0.00175888	-0.999505
                    0.0871068	0.996198	-0.000984346
                    28.6427	5.8948	-24.4851
                }
            }
            {Bone "fxsmoke3"
                {Matrix34
                    0.995704	-0.0870946	-0.0314441
                    -0.0314103	0.00175888	-0.999505
                    0.0871068	0.996198	-0.000984346
                    28.5974	5.89733	-25.9254
                }
            }
            {Bone revolute "turret"
                {Matrix34
                    0.0314108	0	0.999507
                    0.999507	0	-0.0314108
                    0	1	0
                    -4.7	-2.04002	0.459997
                }
                {VolumeView "turret.ply"}
                {Bone "shieldtopr"
                    {Position 18.27	-9.66844	33.9476}
                    {VolumeView "shieldtopr.ply"}
                }
                {Bone "shieldtopl"
                    {Position 18.2701	9.66844	33.9476}
                    {VolumeView "shieldtopl.ply"}
                }
                {Bone revolute "gun_rot"
                    {Limits -85 5}
                    {Matrix34
                        1	0	0
                        0	0	-1
                        0	1	0
                        5.18822	0.0064572	24.1939
                    }
                    {VolumeView "gun_rot.ply"}
                    {Bone "gun"
                        {Matrix34
                            1	0	0
                            0	0	1
                            0	-1	0
                            26.5771	-2.17652	-0.00646333
                        }
                        {VolumeView "gun.ply"}
                        {Bone "foresight1"
                            {Position 55.3341	-0.0203704	0.114097}
                        }
                    }
                    {Bone "fx_invers"
                        {Matrix34
                            0	-0.0871556	-0.996195
                            1	0	0
                            0	-0.996195	0.0871556
                            5.89022	-1.81866	-0.0458676
                        }
                    }
                    {Bone "rocket00"
                        {Position 6.03007	-0.454767	8.51171}
                        {VolumeView "rocket00.ply"}
                    }
                    {Bone "rocket01"
                        {Position 6.03007	-0.454767	7.08398}
                        {VolumeView "rocket01.ply"}
                    }
                    {Bone "rocket02"
                        {Position 6.03007	-0.454763	5.65626}
                        {VolumeView "rocket02.ply"}
                    }
                    {Bone "rocket03"
                        {Position 6.03007	-0.454765	4.22853}
                        {VolumeView "rocket03.ply"}
                    }
                }
                {Bone "crank_r"
                    {Position -3.42312	-7.97477	20.6552}
                    {VolumeView "crank_r.ply"}
                }
                {Bone "crank_l"
                    {Position -3.42312	7.97477	20.6552}
                    {VolumeView "crank_l.ply"}
                }
                {Bone "crank_m"
                    {Position -11.2879	-3.25752	33.4586}
                    {VolumeView "crank_m.ply"}
                }
                {Bone "charger"
                    {Position -14.1684	8.09103	17.3386}
                }
                {Bone "gunner"
                    {Position -13.5459	-7.94065	17.2087}
                }
                {Bone "visor2"
                    {Position 21.6	-0.240001	27.67}
                }
            }
            {Bone "door_front"
                {Position 14.1764	9.50789	30.8735}
                {VolumeView "door_front.ply"}
            }
            {Bone "detail2"
                {Position 6.19945	13.4728	-61.0491}
                {VolumeView "detail2.ply"}
            }
            {Bone "detail3"
                {Position -18.6111	13.5233	-60.268}
                {VolumeView "detail3.ply"}
            }
            {Bone "detail4"
                {Position -5.88249	4.06344	-60.3801}
                {VolumeView "detail4.ply"}
            }
            {Bone "shieldl3"
                {Position -32.0199	3.95517	-27.4574}
                {VolumeView "shieldl3.ply"}
            }
            {Bone "shieldl4"
                {Position 23.7161	2.3416	56.5524}
                {VolumeView "shieldl4.ply"}
            }
            {Bone "shieldl5"
                {Position 23.3815	7.87499	29.1562}
                {VolumeView "shieldl5.ply"}
            }
            {Bone "shieldl6"
                {Position 22.7758	7.39911	-3.4621}
                {VolumeView "shieldl6.ply"}
            }
            {Bone "shieldl7"
                {Position 21.4746	4.23481	-44.9969}
                {VolumeView "shieldl7.ply"}
            }
            {Bone "shieldl1"
                {Position -28.2924	2.43586	58.251}
                {VolumeView "shieldl1.ply"}
            }
            {Bone "shieldl2"
                {Position -30.3258	8.4511	22.7759}
                {VolumeView "shieldl2.ply"}
            }
            {Bone revolute "wheell1"
                {Parameters "ID=trackleft;"}
                {Matrix34
                    -0.0314182	0.00174463	-0.999505
                    0	0.999998	0.00174548
                    0.999506	5.26827e-05	-0.0314181
                    22.682	-3.03515	57.8961
                }
                {VolumeView "wheell1.ply"}
            }
            {Bone revolute "wheelr1"
                {Parameters "ID=trackright;"}
                {Matrix34
                    -0.0314182	0.00174463	-0.999505
                    0	0.999998	0.00174548
                    0.999506	5.26827e-05	-0.0314181
                    -27.2358	-2.92305	59.6044
                }
                {VolumeView "wheelr1.ply"}
            }
            {Bone revolute "wheell7"
                {Parameters "ID=trackleft;"}
                {Matrix34
                    -0.0314182	0.00174462	-0.999505
                    0	0.999998	0.00174542
                    0.999506	5.26869e-05	-0.0314181
                    21.2213	-4.56297	-48.3534
                }
                {VolumeView "wheell7.ply"}
            }
            {Bone revolute "wheelr7"
                {Parameters "ID=trackright;"}
                {Matrix34
                    -0.0314182	0.00174462	-0.999505
                    0	0.999998	0.00174542
                    0.999506	5.26869e-05	-0.0314181
                    -32.4666	-4.45091	-46.6455
                }
                {VolumeView "wheelr7.ply"}
            }
            {Bone "fxlight"
                {Matrix34
                    0.0314182	-0.00174996	0.999505
                    0	0.999998	0.0017509
                    -0.999506	-5.73596e-05	0.0314181
                    -7.58522	8.22402	51.777
                }
            }
        }
    }
}
{Volume "ammo_storage_main1"
    {Box 21.0315 3.22403 10.0614}
    {Bone "body"}
    {Matrix34
        0.0314182	-0.00175002	0.999505
        0.999507	5.69572e-05	-0.0314181
        0	0.999998	0.00175095
        -22.158	-1.6361	2.39228
    }
}
{Volume "ammo_storage_main"
    {Box 17.8054 15.4143 13.1123}
    {Bone "body"}
    {Matrix34
        0.0314339	-0.00174996	0.999504
        0	0.999998	0.00175089
        -0.999506	-5.76256e-05	0.0314338
        -14.8219	-0.669823	31.0824
    }
}
{Volume "ammo_storage_mgun"
    {Box 2.00339 4.17607 3.8688}
    {Bone "body"}
    {Matrix34
        0.0314182	-0.00175002	0.999505
        0.999507	7.22458e-05	-0.0314181
        -1.70488e-05	0.999998	0.00175143
        -6.75884	2.37414	26.0907
    }
}
{Volume "body1"
    {Polyhedron "body1.vol"}
    {Bone "body"}
    {Matrix34
        0.999507	6.1005e-05	-0.0314112
        -0.0314113	0.00175888	-0.999505
        0	0.999998	0.00175993
        -3.50567	5.17529	4.65106
    }
}
{Volume "driver_panel"
    {Box 1.27694 6.54433 9.6348}
    {Bone "body"}
    {Matrix34
        0.0284686	-0.424204	0.905119
        0.0132727	0.905567	0.423996
        -0.999507	-5.74586e-05	0.0314105
        8.30486	4.66924	40.8133
    }
}
{Volume "driver_place"
    {Box 9.49726 10.2469 16.8442}
    {Bone "body"}
    {Matrix34
        0.0314182	-0.00175002	0.999505
        0.999507	5.69572e-05	-0.0314181
        0	0.999998	0.00175095
        8.14262	0.0560207	35.8276
    }
}
{Volume "driver_triplex"
    {Box 2.2546 1.93537 9.18321}
    {Bone "body"}
    {Matrix34
        0.0314259	-0.00174758	0.999504
        0	0.999998	0.00174835
        -0.999506	-5.18151e-05	0.0314259
        7.17277	10.6644	41.9056
    }
}
{Volume "engine_vol_"
    {Polyhedron "engine_vol_.vol"}
    {Bone "body"}
    {Matrix34
        0.0314182	-0.00174996	0.999505
        0	0.999998	0.0017509
        -0.999506	-5.73596e-05	0.0314181
        -5.27957	-0.169847	-36.5136
    }
}
{Volume "front_wheels"
    {Box 4.54289 4.48646 40.5291}
    {Bone "body"}
    {Matrix34
        0.0314182	-0.00174996	0.999505
        0	0.999998	0.0017509
        -0.999507	-5.74341e-05	0.0314181
        -2.27862	-3.0208	58.6699
    }
}
{Volume "fuel_tank_external_c1"
    {Box 39.1346 11.8117 4.84763}
    {Bone "shieldl3"}
    {Matrix34
        0.0314181	-0.00174992	0.999505
        0.999506	6.73855e-05	-0.0314181
        -1.23654e-05	0.999998	0.00175117
        0.485177	4.15778	1.46543
    }
}
{Volume "fuel_tank_external_c"
    {Box 20.032 11.8117 4.5305}
    {Bone "shieldl2"}
    {Matrix34
        0.0314182	-0.00175002	0.999505
        0.999506	6.46469e-05	-0.0314181
        0	0.999998	0.00175119
        0.767179	0.346497	14.0971
    }
}
{Volume "fuel_tank_internal_a"
    {Polyhedron "fuel_tank_internal_a.vol"}
    {Bone "body"}
    {Matrix34
        0.0314182	-0.00174996	0.999505
        0	0.999998	0.0017509
        -0.999506	-5.73596e-05	0.0314181
        -21.1989	-0.418011	45.4808
    }
}
{Volume "fuel_tank_internal_b"
    {Box 5.53358 38.5106 15.1286}
    {Bone "body"}
    {Matrix34
        0.0314182	-0.00175002	0.999505
        0.999507	5.69572e-05	-0.0314181
        0	0.999998	0.00175095
        -4.92112	0.0805845	-23.627
    }
}
{Volume "panel_engine_connectors"
    {Box 2.96275 1.55192 76.5025}
    {Bone "body"}
    {Matrix34
        0.999507	5.71922e-05	-0.0314026
        0	0.999998	0.00175095
        0.0314027	-0.00175001	0.999505
        7.88882	-9.00896	4.95545
    }
}
{Volume "ppu"
    {Box 17.4379 4.34537 10.26}
    {Bone "body"}
    {Matrix34
        0.0314182	-0.00175002	0.999505
        0.999507	7.22607e-05	-0.0314181
        -1.71084e-05	0.999998	0.00175143
        -6.81125	-3.18603	34.51
    }
}
{Volume "ring_armor"
    {Cylinder 21.2205 3.21302}
    {Bone "body"}
    {Matrix34
        0.999506	5.62438e-05	-0.0314189
        -0.0314189	0.00174997	-0.999505
        0	0.999999	0.00175087
        -4.02544	10.9481	2.56762
    }
}
{Volume "shieldl1"
    {Polyhedron "shieldl1.vol"}
    {Bone "shieldl1"}
    {Matrix34
        0.0314181	-0.00174993	0.999505
        0.999506	5.40933e-05	-0.0314181
        0	0.999998	0.00175077
        -1.05978	3.30641	3.90346
    }
}
{Volume "shieldl2"
    {Box 49.237 13.0925 0.9776}
    {Bone "shieldl2"}
    {Matrix34
        0.0314181	-0.00174992	0.999505
        0.999507	5.41488e-05	-0.0314182
        0	0.999998	0.00175078
        -0.217678	-2.59581	0.888775
    }
}
{Volume "shieldl3"
    {Box 60.0451 13.0925 0.9776}
    {Bone "shieldl3"}
    {Matrix34
        0.0314181	-0.00175002	0.999505
        0.999507	5.70738e-05	-0.0314181
        0	0.999998	0.00175095
        -0.136388	1.98999	-0.184371
    }
}
{Volume "shieldl4"
    {Polyhedron "shieldl4.vol"}
    {Bone "shieldl4"}
    {Matrix34
        0.0314181	-0.00174993	0.999505
        0.999506	5.40933e-05	-0.0314181
        0	0.999998	0.00175077
        0.726336	3.40375	3.91112
    }
}
{Volume "shieldl5"
    {Box 33.7132 13.0925 0.9776}
    {Bone "shieldl5"}
    {Matrix34
        0.0314181	-0.00174992	0.999505
        0.999507	5.41488e-05	-0.0314182
        0	0.999998	0.00175078
        0.0862871	-2.02969	0.301217
    }
}
{Volume "shieldl6"
    {Box 33.7132 13.0925 0.9776}
    {Bone "shieldl6"}
    {Matrix34
        0.0314181	-0.00174992	0.999505
        0.999507	5.41488e-05	-0.0314182
        0	0.999998	0.00175078
        -0.37189	-1.49455	-0.926348
    }
}
{Volume "shieldl7"
    {Box 28.3191 13.0925 0.9776}
    {Bone "shieldl7"}
    {Matrix34
        0.0314181	-0.00174992	0.999505
        0.999507	5.41488e-05	-0.0314182
        0	0.999998	0.00175078
        -0.354396	1.74125	-0.228575
    }
}
{Volume "trackleft"
    {Polyhedron "trackleft.vol"}
    {Bone "wheelsl"}
    {Position 5.78988	1.2139	0.000192642}
}
{Volume "trackright"
    {Polyhedron "trackright.vol"}
    {Bone "wheelsr"}
    {Position -6.0488	1.21397	0.000261784}
}
{Volume "transmission"
    {Polyhedron "transmission.vol"}
    {Bone "body"}
    {Matrix34
        -0.031434	0.00174997	-0.999504
        0	0.999998	0.0017509
        0.999506	5.73427e-05	-0.031434
        -5.65661	-1.98852	-48.4877
    }
}
{Volume "turret_ring"
    {Cylinder 20.1905 2.65075}
    {Bone "body"}
    {Matrix34
        0.999506	5.73153e-05	-0.0314183
        -0.0314184	0.00174993	-0.999505
        0	0.999998	0.00175088
        -4.02543	8.49832	2.56335
    }
}
{Volume "gun"
    {Cylinder 2 80}
    {Bone "gun"}
    {Matrix34
        0.0017454	0	0.999997
        0	1	0
        -0.999997	0	0.0017454
        15.88	-0.0700001	1.49012e-08
    }
}
