;Exported by: USER
;Date:        Thu Nov 03 22:35:36 2016
;File:        C:\Users\USER\Desktop\dozor_x.max
{Skeleton
	{bone "basis"
		{parameters "Wheelradius=0.4;SteerMax=35;"}
		{Orientation
			1	0	0
			0	-1	0
			0	0	1
		}
		{bone "body"
			{parameters "ID=body;"}
			{Matrix34
				0.999943	3.55186e-005	0.0106964
				5.02228e-005	0.999972	-0.00754034
				-0.0119615	0.00748658	0.9999
				-10.6546	-0.155055	31.9244
			}
			{VolumeView "body.ply"}
			{bone revolute "turret"
				{parameters "ID=turret;"}
				{speed 0.01}
				{Matrix34
					0.999799	0.000561023	-0.0188093
					-0.00205494	0.9977	-0.0677063
					0.0209437	0.0672508	0.997546
					-2.64952	0.064594	20.3367
				}
				{VolumeView "turret.ply"}
				{bone "visor1"
					{Matrix34
						0.999934	0.00104918	-0.0124267
						-0.000398865	0.99845	0.0561979
						0.0139401	-0.0557881	0.998302
						8.27554	2.01816	5.29271
					}
				}
				{bone revolute "mgun_rot"
					{Matrix34
						0.999936	0.0010567	-0.0122312
						0.0137225	-0.0561086	0.998287
						0.000415135	-0.998432	-0.0565206
						2.5554	2.23848	5.10223
					}
				}
			}
			{bone "fxsmoke1"
				{Matrix34
					0.999893	0.000105861	0.0159565
					0.000409274	0.99956	-0.0296135
					-0.0178379	0.0294034	0.999387
					-36.0294	-9.67951	-15.7885
				}
			}
			{bone "visor"
				{Matrix34
					0.999947	0.000142984	0.0116702
					0	0.999925	-0.0122276
					-0.0130507	0.012139	0.999825
					24.4803	9.92392	10.505
				}
			}
			{bone "fxfire1"
				{Matrix34
					0.999755	0.000287151	0.0234185
					0.000322154	0.999695	-0.0246447
					-0.0261845	0.0244672	0.999326
					35.4621	2.19597	2.82346
				}
			}
			{bone "seat03"
				{Matrix34
					0.160361	-0.985964	0.0466489
					0.989582	0.141786	-0.0237424
					0.0187847	0.0496228	0.998618
					-40.0225	9.01757	-12.359
				}
			}
			{bone "driver"
				{Matrix34
					0.999773	0.000267566	0.0226101
					0.000305438	0.999711	-0.0239929
					-0.0252807	0.0238202	0.999366
					10.2065	12.3342	-11.2506
				}
			}
			{bone "commander"
				{Matrix34
					0.99977	0.000270252	0.02274
					0.000308544	0.999708	-0.0240975
					-0.0254259	0.0239241	0.999359
					10.57	-9.64632	-11.233
				}
			}
			{bone "seat05"
				{Matrix34
					-0.399072	-0.915441	0.051464
					0.932117	-0.361716	-0.0168356
					0.0380831	0.0409915	0.998484
					-32.2025	9.38471	-12.0968
				}
			}
			{bone "seat01"
				{Matrix34
					-0.346783	-0.936516	0.0512488
					0.949526	-0.31313	-0.0176116
					0.0364131	0.0422785	0.99849
					-22.7197	9.56942	-12.1193
				}
			}
			{bone "seat04"
				{Matrix34
					0.563608	-0.825123	0.0397122
					0.855277	0.5174	-0.0270993
					0.00203057	0.0489594	0.998804
					-15.1815	11.4117	-10.238
				}
			}
			{bone "seat06"
				{Matrix34
					-0.0157388	0.999799	-0.0123625
					-0.999831	-0.0138411	0.0108555
					0.0119456	0.012442	0.999867
					-16.4378	-12.9572	-10.8551
				}
			}
			{bone "seat07"
				{Matrix34
					-0.0157388	0.9998	-0.0123625
					-0.999831	-0.0138411	0.0108555
					0.0119457	0.012442	0.999867
					-23.8638	-12.5633	-11.0315
				}
			}
			{bone "seat08"
				{Matrix34
					-0.0157388	0.999799	-0.0123625
					-0.999831	-0.0138411	0.0108555
					0.0119457	0.012442	0.999867
					-32.7689	-12.2353	-11.2267
				}
			}
			{bone "seat02"
				{Matrix34
					-0.0157388	0.999799	-0.0123626
					-0.999831	-0.0138411	0.0108556
					0.0119457	0.0124421	0.999867
					-40.6988	-13.2706	-11.4078
				}
			}
			{bone "engine"
				{parameters "ID=engine;"}
				{Matrix34
					0.999353	-0.00407078	-0.0345032
					0.00115177	0.996958	-0.0778807
					0.0384133	0.0777801	0.996283
					38.3969	0.883824	-3.66659
				}
				{VolumeView "engine.ply"}
			}
			{bone "glass2"
				{parameters "ID=glass2;"}
				{Matrix34
					0.999654	-0.0129633	0.0241708
					0.0166399	0.996893	-0.0769128
					-0.0258282	0.0767306	0.996689
					18.2792	10.0729	9.90627
				}
				{VolumeView "glass2.ply"}
			}
			{bone "glass3"
				{parameters "ID=glass3;"}
				{Matrix34
					0.999754	-0.00491381	0.0229217
					0.00755031	0.99682	-0.0792608
					-0.0251135	0.0788418	0.996543
					18.6111	-8.71497	10.2623
				}
				{VolumeView "glass3.ply"}
			}
			{bone "glass4"
				{parameters "ID=glass4;"}
				{Matrix34
					0.996166	-0.0301502	-0.080877
					0.0314918	0.999102	-0.0282686
					0.0912579	0.025415	0.99562
					12.021	19.7191	6.44489
				}
				{VolumeView "glass4.ply"}
			}
			{bone "glass5"
				{parameters "ID=glass5;"}
				{Matrix34
					0.999279	-0.000458861	-0.0367194
					-0.000538233	0.999669	-0.0256806
					0.0410587	0.0254968	0.998885
					11.824	-18.543	7.30595
				}
				{VolumeView "glass5.ply"}
			}
			{bone "glass1"
				{parameters "ID=glass1;"}
				{Matrix34
					0.997466	0.0685201	0.02042
					-0.0755187	0.995076	-0.0642348
					-0.0276422	0.0620788	0.997657
					-49.7423	-1.02191	7.03351
				}
				{VolumeView "glass1.ply"}
			}
			{bone "fuel"
				{parameters "ID=body;"}
				{Matrix34
					0.999755	0.000287149	0.0234212
					0.000324422	0.999693	-0.0247284
					-0.0261875	0.0245503	0.999324
					-26.5403	-15.2777	-9.62341
				}
				{VolumeView "fuel.ply"}
			}
			{bone "fxfire2"
				{Matrix34
					0.999755	0.000287151	0.0234185
					0.000322154	0.999695	-0.0246447
					-0.0261845	0.0244672	0.999326
					-2.57255	1.51114	-10.1987
				}
			}
			{bone "body_systems"
				{Matrix34
					-0.0159317	0.999796	-0.0123817
					-0.999834	-0.0136585	0.0108677
					0.0119615	0.0124633	0.999867
					19.672	1.00889	1.99212
				}
			}
			{bone "link2"
				{Matrix34
					-0.0159317	0.999796	-0.0123817
					-0.999834	-0.0136585	0.0108677
					0.0119615	0.0124633	0.999867
					-52.5402	-2.25715	-10.8864
				}
			}
			{bone "attach1"
				{Matrix34
					-0.0190035	0.93861	-0.344431
					-0.999834	-0.0136584	0.0108678
					0.0059772	0.344537	0.93878
					-18.6922	-22.0514	3.39983
				}
			}
		}
		{bone "pivot_back"
			{parameters "ID=body;"}
			{Matrix34
				0.999992	0.0040433	0
				-0.00455397	0.99999	0
				0	0	1
				-35.8538	-0.50738	18.5151
			}
			{VolumeView "pivot_back.ply"}
			{bone "fxtracel2"
				{Matrix34
					0.999959	-0.00400109	-0.00790265
					0.00455014	0.99998	0.00493218
					0.00881509	-0.00493249	0.999949
					-1.14229	22.6744	-13.7182
				}
			}
			{bone "fxtracer2"
				{Matrix34
					0.999961	-0.00404035	-0.00764959
					0.00450884	0.99998	-0.0049027
					0.00857635	0.00483329	0.999952
					0.462154	-22.7227	-14.6846
				}
			}
			{bone revolute "steer_r1"
				{parameters "ID=body;"}
				{Matrix34
					0.99999	-0.00404089	0
					-0.0045513	-0.999992	0
					0	0	-1
					68.8412	-18.9385	-4.91479
				}
				{bone revolute "wheelr1"
					{parameters "ID=wheelright1;"}
					{Matrix34
						-0.999989	-0.000921934	0.00468421
						0.00468363	0.300759	0.953689
						-0.00257488	0.953078	-0.302713
						-2.97377	3.46228	-3.13286
					}
					{VolumeView "wheelr1.ply"}
				}
			}
			{bone revolute "steer_l1"
				{parameters "ID=body;"}
				{Matrix34
					0.99999	-0.00404089	0
					-0.0045513	-0.999992	0
					0	0	-1
					68.3121	21.0961	-4.91479
				}
				{bone revolute "wheell1"
					{parameters "ID=wheelleft1;"}
					{Matrix34
						-0.980693	0.195553	0
						0.0298019	0.132694	0.990709
						0.217089	0.966599	-0.136234
						-2.82394	-2.46049	-2.31577
					}
					{VolumeView "wheell1.ply"}
				}
			}
		}
		{bone "pivot_front"
			{parameters "ID=body;"}
			{Matrix34
				0.999992	0.0040433	0
				-0.00455397	0.99999	0
				0	0	1
				30.1831	0.426681	17.4805
			}
			{VolumeView "pivot_front.ply"}
			{bone "fxtracel1"
				{Matrix34
					0.999959	-0.00400103	-0.00790265
					0.00455009	0.99998	0.00493218
					0.00881509	-0.00493249	0.999949
					-1.2526	22.0662	-13.65
				}
			}
			{bone "fxtracer1"
				{Matrix34
					0.999961	-0.0040403	-0.00764972
					0.00450877	0.99998	-0.0049027
					0.00857647	0.00483329	0.999952
					-2.86541	-22.4728	-8.2593
				}
			}
			{bone revolute "wheell2"
				{parameters "ID=wheelleft2;"}
				{Matrix34
					0.999989	-0.00392286	-0.00180986
					0.00143253	-0.129971	0.991517
					-0.00464526	-0.99139	-0.130881
					-68.2873	21.9704	-1.04545
				}
				{VolumeView "wheell2.ply"}
			}
			{bone revolute "wheelr2"
				{parameters "ID=wheelright2;"}
				{Matrix34
					0.979212	0.203326	-0.00254381
					0.0443284	-0.177331	0.983149
					0.223353	-0.957307	-0.182915
					-67.693	-23.2786	-1.62228
				}
				{VolumeView "wheelr2.ply"}
			}
		}
	}
}
