;MDL File generated by SOEdit Version Next (v0.7m4)
;Model created by: GANS
;Date: Mon Dec 10 07:54:03 2018
;File: G:\Niva\niva2121.max
;Model create/rebuild by: MoCKBu4
;Last build date: Thursday 21 June 2023 [22:38:48]
{Skeleton
    {Animation
        {Sequence "start"}
        {Sequence "stop"}
        {Sequence "doorleft"}
        {Sequence "doorright"}
    }
    {Bone "basis"
        {Parameters "Wheelradius=0.37;SteerMax=35;"}
        {Orientation
            1	0	0
            0	-1	0
            0	0	1
        }
        {Bone "steer_body_anm"
            {Parameters "ID=body;"}
            {Matrix34
                0	0	1
                0	-1	0
                1	0	0
                -0.905512	0	10.315
            }
            {Bone "body"
                {Parameters "ID=body;"}
                {Animation
                    {Sequence "repair" {File "body_r.anm"}}
                }
                {Orientation
                    0	0	1
                    0	-1	0
                    1	0	0
                }
                {VolumeView "body.ply"}
                {Bone revolute "turret"
                    {Parameters "ID=turret;"}
                    {Position -5.70075	1.06383	23.1209}
                    {VolumeView "turret.ply"}
                    {Bone "part4"
                        {Position 0.0595694	-0.0603302	5.02536}
                        {Bone revolute "gun"
                            {Parameters "ID=gun;"}
                            {Limits -5 7}
                            {Speed 0.01}
                            {Matrix34
                                1	0	0
                                0	0	1
                                0	-1	0
                                -0.0821174	-0.0667975	-0.0815716
                            }
                            {VolumeView "gun.ply"}
                            {Bone "part5"
                                {Matrix34
                                    0	0	1
                                    0	1	0
                                    -1	0	0
                                    -3.38124	-1.63997	-0.384139
                                }
                                {VolumeView "part5.ply"}
                            }
                            {Bone "foresight1"
                                {Matrix34
                                    1	0	0
                                    0	0	-1
                                    0	1	0
                                    12.9484	7.04908	-0.116267
                                }
                            }
                            {Bone "visor1"
                                {Matrix34
                                    1	0	0
                                    0	0	-1
                                    0	1	0
                                    7.81807	3.88493	2.44229
                                }
                            }
                            {Bone "tail"
                                {Matrix34
                                    -1	0	0
                                    0	0	1
                                    0	1	0
                                    -12.3169	7.05704	-0.113685
                                }
                            }
                            {Bone "rocket"
                                {Matrix34
                                    1	0	0
                                    0	0	-1
                                    0	1	0
                                    0	7.02475	-0.144133
                                }
                                {VolumeView "rocket.ply"}
                            }
                            {Bone revolute "handle"
                                {Matrix34
                                    0	0	1
                                    -0.019832	-0.999803	0
                                    0.999803	-0.019832	0
                                    -3.4226	-0.363979	-1.1363
                                }
                            }
                        }
                    }
                    {Bone "gunner"
                        {Position -8.25002	-6.04	2.56001}
                    }
                }
                {Bone "doorr"
                    {Parameters "ID=body;"}
                    {Position 11.2426	-16.4827	5.75446}
                    {VolumeView "doorr.ply"}
                    {Bone "window3"
                        {Parameters "ID=window3;"}
                        {Position -10.3159	3.92933	11.4923}
                        {VolumeView "window3.ply"}
                    }
                }
                {Bone "doorl"
                    {Parameters "ID=body;"}
                    {Position 11.2057	16.4768	5.74384}
                    {VolumeView "doorl.ply"}
                    {Bone "window2"
                        {Parameters "ID=window2;"}
                        {Position -10.4263	-3.96067	11.4989}
                        {VolumeView "window2.ply"}
                    }
                }
                {Bone "bodyback"
                    {Parameters "ID=bodyback;"}
                    {Animation
                        {Sequence "repair" {File "bodyback_r.anm"}}
                    }
                    {Position -27.9519	-0.00252461	22.9837}
                    {VolumeView "bodyback.ply"}
                    {Bone "window6"
                        {Parameters "ID=window6;"}
                        {Position -3.03466	0.000825167	-4.97569}
                        {VolumeView "window6.ply"}
                    }
                }
                {Bone "engine"
                    {Parameters "ID=engine;"}
                    {Animation
                        {Sequence "repair" {File "engine_r.anm"}}
                    }
                    {Position 34.8765	0	8.32504}
                    {VolumeView "engine.ply"}
                }
                {Bone "window4"
                    {Parameters "ID=window4;"}
                    {Position -17.4233	13.7356	17.4417}
                    {VolumeView "window4.ply"}
                }
                {Bone "window5"
                    {Parameters "ID=window5;"}
                    {Position -17.405	-13.7927	17.5068}
                    {VolumeView "window5.ply"}
                }
                {Bone "window1"
                    {Parameters "ID=window1;"}
                    {Position 9.42013	2.52724e-05	17.4123}
                    {VolumeView "window1.ply"}
                }
                {Bone "window10"
                    {Parameters "ID=window10;"}
                    {Position 34.7683	12.024	4.24537}
                    {VolumeView "window10.ply"}
                    {Bone "headlightl"
                        {Matrix34
                            0.996195	0	-0.0871557
                            0	1	0
                            0.0871557	0	0.996195
                            0.264244	-0.120355	0.0360155
                        }
                    }
                }
                {Bone "window9"
                    {Parameters "ID=window9;"}
                    {Position 34.7683	-12.0239	4.24536}
                    {VolumeView "window9.ply"}
                    {Bone "headlightr"
                        {Matrix34
                            0.996195	0	-0.0871557
                            0	1	0
                            0.0871557	0	0.996195
                            0.264236	-0.0292902	0.0360136
                        }
                    }
                }
                {Bone "window7"
                    {Parameters "ID=window7;"}
                    {Position -35.6125	8.81993	6.84607}
                    {VolumeView "window7.ply"}
                    {Bone "fxstop1"
                        {Position 0.221443	0.641908	0.00757599}
                    }
                }
                {Bone "window8"
                    {Parameters "ID=window8;"}
                    {Position -35.6125	-8.81993	6.84607}
                    {VolumeView "window8.ply"}
                    {Bone "fxstop2"
                        {Position 0.221428	-0.624888	0.00757217}
                    }
                }
                {Bone "bamp2"
                    {Parameters "ID=body;"}
                    {Position -34.2918	0	3.21286}
                    {VolumeView "bamp2.ply"}
                }
                {Bone "bamp1"
                    {Parameters "ID=body;"}
                    {Position 34.6166	2.47955e-05	0.0829144}
                    {VolumeView "bamp1.ply"}
                }
                {Bone "seat01"
                    {Matrix34
                        0.931688	0	0.363261
                        0	1	0
                        -0.363261	0	0.931688
                        -18.9323	-8.61924	24.0486
                    }
                }
                {Bone "driver"
                    {Matrix34
                        0.970265	0	0.242046
                        0	1	0
                        -0.242046	0	0.970265
                        3.38047	7.5766	-5.40717
                    }
                }
                {Bone "commander"
                    {Matrix34
                        0.931688	0	0.363261
                        0	1	0
                        -0.363261	0	0.931688
                        -11.473	-0.453784	-2.02897
                    }
                }
                {Bone "ram1"
                    {Parameters "ID=body;"}
                    {Position -0.603973	0.640825	11.0854}
                    {VolumeView "ram1.ply"}
                }
                {Bone "ram2"
                    {Parameters "ID=body;"}
                    {Position 23.2552	0	6.11574}
                    {VolumeView "ram2.ply"}
                }
                {Bone "detail1"
                    {Parameters "ID=body;"}
                    {Position 20.9852	8.46432	9.08611}
                    {VolumeView "detail1.ply"}
                }
                {Bone "fxsmoke2"
                    {Matrix34
                        -0.999586	0.0287184	0.00185348
                        -0.0287185	-0.999588	0
                        0.00185268	-5.31411e-05	0.999998
                        -36.8429	12.0969	0.0522013
                    }
                }
                {Bone "fxsmoke1"
                    {Matrix34
                        -0.999586	0.0287184	0.00185348
                        -0.0287185	-0.999588	0
                        0.00185268	-5.31411e-05	0.999998
                        -37.0624	12.502	0.0522013
                    }
                }
                {Bone "fxlight"
                    {Matrix34
                        0.996195	0	-0.0871557
                        0	1	0
                        0.0871557	0	0.996195
                        4.88689	-2.6167e-05	23.0522
                    }
                }
                {Bone "visor"
                    {Position 11.947	-2.59308e-05	16.752}
                }
                {Bone "fxfire1"
                    {Position 18.7055	-2.03145e-05	6.31957}
                }
                {Bone "fxfire2"
                    {Position 9.49255	0	2.66902}
                }
                {Bone "fxsteam"
                    {Matrix34
                        0.258819	0	0.965926
                        0	1	0
                        -0.965926	0	0.258819
                        34.7282	-1.44857e-05	3.93973
                    }
                }
                {Bone "body_systems"
                }
            }
        }
        {Bone "pivot_front"
            {Parameters "ID=body;"}
            {Position 23.1596	0	6.88976}
            {Bone revolute "steer_r1"
                {Parameters "ID=body;"}
                {Matrix34
                    1	0	0
                    0	-1	0
                    0	0	-1
                    0	-14.4488	0
                }
                {Bone "fxtracer1"
                    {Matrix34
                        -0.996195	0	-0.0871557
                        0	1	0
                        0.0871557	0	-0.996195
                        -0.14782	0	7.18504
                    }
                }
                {Bone revolute "wheelr1"
                    {Parameters "ID=wheelright1;"}
                    {Matrix34
                        1	0	0
                        0	0	1
                        0	-1	0
                        -0.174679	0	0.075964
                    }
                    {VolumeView "wheelr1.ply"}
                }
            }
            {Bone revolute "steer_l1"
                {Parameters "ID=body;"}
                {Matrix34
                    1	0	0
                    0	-1	0
                    0	0	-1
                    0	14.9213	0
                }
                {Bone "fxtracel1"
                    {Matrix34
                        -0.996195	0	-0.0871557
                        0	1	0
                        0.0871557	0	-0.996195
                        -0.14782	0	7.18504
                    }
                }
                {Bone revolute "wheell1"
                    {Parameters "ID=wheelleft1;"}
                    {Matrix34
                        1	0	0
                        0	0	1
                        0	-1	0
                        -0.14782	0	-0.00683594
                    }
                    {VolumeView "wheell1.ply"}
                }
            }
        }
        {Bone "pivot_back"
            {Parameters "ID=body;"}
            {Position -22.0669	0	6.88976}
            {Bone revolute "spring_r2"
                {Parameters "ID=body;"}
                {Position -0.266071	-13.4252	0}
                {Bone "fxtracer2"
                    {Matrix34
                        -0.996195	0	0.0871557
                        0	-1	0
                        0.0871557	0	0.996195
                        0.266071	-1.04331	-7.18504
                    }
                }
                {Bone revolute "wheelr2"
                    {Parameters "ID=wheelright2;"}
                    {Matrix34
                        1	0	0
                        0	0	-1
                        0	1	0
                        0.266071	-1.04331	0
                    }
                    {VolumeView "wheelr2.ply"}
                }
            }
            {Bone revolute "spring_l2"
                {Parameters "ID=body;"}
                {Position -0.266071	13.2874	0}
                {Bone "fxtracel2"
                    {Matrix34
                        -0.996195	0	0.0871557
                        0	-1	0
                        0.0871557	0	0.996195
                        0.35009	1.63386	-7.18504
                    }
                }
                {Bone revolute "wheell2"
                    {Parameters "ID=wheelleft2;"}
                    {Matrix34
                        1	0	0
                        0	0	-1
                        0	1	0
                        0.266071	1.63386	0
                    }
                    {VolumeView "wheell2.ply"}
                }
            }
        }
        {Bone "emit1"
            {Matrix34
                0	-1	0
                1	0	0
                0	0	1
                -9.1927	30.5709	0
            }
        }
        {Bone "emit2"
            {Matrix34
                0	1	0
                -1	0	0
                0	0	1
                -9.1927	-30.5709	0
            }
        }
    }
}
{Volume "bamp1"
    {Box 4.99731 34.2161 2.65465}
    {Bone "bamp1"}
    {Position 0.324322	0.109773	0.0873585}
}
{Volume "bamp2"
    {Box 5.24717 31.4788 2.65465}
    {Bone "bamp2"}
    {Position -1.00431	0.109797	0.0270147}
}
{Volume "body1"
    {Polyhedron "body1.vol"}
    {Bone "body"}
    {Position -9.90677	0.273232	-2.71649}
}
{Volume "body2"
    {Polyhedron "body2.vol"}
    {Bone "body"}
    {Position 20.3933	0.273232	-3.10923}
}
{Volume "bodyback"
    {Box 1.52684 23.1552 14.9943}
    {Bone "bodyback"}
    {Matrix34
        0.858742	0	-0.512407
        0	1	0
        0.512407	0	0.858742
        -3.42502	0.302095	-6.79642
    }
}
{Volume "doorl"
    {Polyhedron "doorl.vol"}
    {Bone "doorl"}
    {Matrix34
        1	0	0
        0	0.997219	0.0745267
        0	-0.0745267	0.997219
        -9.92536	-1.14462	-5.53248
    }
}
{Volume "doorr"
    {Polyhedron "doorr.vol"}
    {Bone "doorr"}
    {Matrix34
        1	0	0
        0	0.996647	-0.0818263
        0	0.0818263	0.996647
        -9.96218	1.18756	-5.54311
    }
}
{Volume "engine12"
    {Box 19.7941 31.5934 3.45296}
    {Bone "engine"}
    {Matrix34
        0.993159	0	-0.11677
        0	1	0
        0.11677	0	0.993159
        -10.1148	0.0016458	2.44581
    }
}
{Volume "wheelleft1"
    {Cylinder 7.2905 3.95025}
    {Bone "wheell1"}
    {Position 0	0.00683594	0}
}
{Volume "wheelleft2"
    {Cylinder 7.29045 3.95015}
    {Bone "wheell2"}
    {Position 0	0.00683594	0}
}
{Volume "wheelright1"
    {Cylinder 7.29045 3.9503}
    {Bone "wheelr1"}
    {Matrix34
        1	0	0
        0	-1	0
        0	0	-1
        0	-0.0759616	0.0765023
    }
}
{Volume "wheelright2"
    {Cylinder 7.29045 3.9503}
    {Bone "wheelr2"}
    {Orientation
        1	0	0
        0	-1	0
        0	0	-1
    }
}
{Volume "window10"
    {Box 4.37542 3.97612 4.57947}
    {Bone "window10"}
    {Position 0.412476	-0.311128	0.211202}
}
{Volume "window1"
    {Box 3.96311 25.1551 10.2862}
    {Bone "window1"}
    {Matrix34
        0.841465	0	0.540312
        0	1	0
        -0.540312	0	0.841465
        0.369696	0.458605	-0.0560536
    }
}
{Volume "window2"
    {Box 8.10263 3.78678 7.76181}
    {Bone "window2"}
    {Position -1.71231	3.01752	-0.333351}
}
{Volume "window3"
    {Box 8.10263 3.78678 7.76181}
    {Bone "window3"}
    {Position -1.85951	-2.73677	-0.337327}
}
{Volume "window4"
    {Box 8.10263 3.78678 6.98563}
    {Bone "window4"}
    {Position 0.348324	1.79807	0.132649}
}
{Volume "window5"
    {Box 8.10263 3.78678 6.98563}
    {Bone "window5"}
    {Position 0.330048	-1.49741	0.0675471}
}
{Volume "window6"
    {Box 4.04237 21.8849 8.64044}
    {Bone "window6"}
    {Matrix34
        0.806464	0	-0.591283
        0	1	0
        0.591283	0	0.806464
        -0.926718	0.46033	0.0187871
    }
}
{Volume "window7"
    {Box 4.02539 6.08347 3.02245}
    {Bone "window7"}
    {Position -0.904388	0.499718	0.13996}
}
{Volume "window8"
    {Box 4.02539 6.08347 3.02245}
    {Bone "window8"}
    {Position -0.904388	-0.317771	0.139961}
}
{Volume "window9"
    {Box 4.37542 3.97612 4.57947}
    {Bone "window9"}
    {Position 0.412476	-0.203236	0.211202}
}
{Volume "ammo_storage_main"
    {Box 15 20 10}
    {Bone "body_systems"}
    {Position -17.74	0.74	9.2}
}
{Volume "driver_panel"
    {Box 2 10 5}
    {Bone "body_systems"}
    {Matrix34
        0.83962	0	-0.543174
        0	1	0
        0.543174	0	0.83962
        7.69	7.47	11.52
    }
}
{Volume "engine"
    {Box 10 14 7}
    {Bone "body_systems"}
    {Position 24.62	0.71	5.99}
}
{Volume "front_wheels"
    {Box 50 3 3}
    {Bone "body_systems"}
    {Position 2.45	1.49012e-08	-2.66}
}
{Volume "fuel_tank_internal_a"
    {Box 20 20 4}
    {Bone "body"}
    {Position 1.14	0.99	-1.75}
}
{Volume "gun"
    {Box 20 4 4}
    {Bone "gun"}
    {Position -1.04308e-06	7.07	0}
}
{Volume "panel_engine_connectors"
    {Box 8 3 3}
    {Bone "body_systems"}
    {Position 9.17	0.28	3.15}
}
{Volume "ppu"
    {Box 5 3 3}
    {Bone "body_systems"}
    {Position -3.92	1.12	2.73}
}
{Volume "transmission"
    {Box 20 4 2}
    {Bone "body_systems"}
    {Position 10.99	0.49	-1.54}
}
{Volume "turret"
    {Box 3 3 5}
    {Bone "turret"}
    {Position -1.33	0	3.71}
}
