;MDL File generated by SOEdit Version Next (v0.7m4)
;Model created by: Makimka
;Date: Sunday 6 January 2024 [19:13:40]
;Model create/rebuild by: Makimka
;Last build date: Monday 7 January 2024 [18:24:23]
{Skeleton
    {Animation
        {Sequence "engine_start"}
        {Sequence "engine_work"}
        {Sequence "engine_stop"}
    }
    {Bone revolute "basis"
        {Parameters "SteerMax=45;"}
        {Limits -0 0}
        {Orientation
            1	0	0
            0	-1	0
            0	0	1
        }
        {Bone "pivot_front"
            {Position 51.139	0	2.17348}
            {Bone "wheelr"
                {Parameters "ID=Body;Radius=0.3;support;"}
                {Position -0.202354	-23	0}
            }
            {Bone "wheell"
                {Parameters "ID=Body;Radius=0.3;support;"}
                {Position -0.202354	23	0}
            }
        }
        {Bone "pivot_back"
            {Position -129.633	0	2.17348}
            {Bone "wheelback"
                {Parameters "Radius=0.2;support;"}
                {Orientation
                    1	0	0
                    0	0	-1
                    0	1	0
                }
            }
        }
        {Bone "body"
            {Parameters "id=body;"}
            {Position 0	0	25.7585}
            {VolumeView "body.ply"}
            {Bone revolute "vert_rot1"
                {Limits -25 25}
                {Speed 0.1}
                {Matrix34
                    0.2588	-0.9659	0
                    0.9659	0.2588	0
                    0	0	1
                    3.1673	-26.1288	4.1375
                }
                {Bone revolute "gun_rot2"
                    {Limits -20 10}
                    {Speed 0.03}
                    {Matrix34
                        1	0	0
                        0	0	1
                        0	-1	0
                        -2.1392	0.0027	1.2312
                    }
                    {Bone "mgun2"
                        {Position -2.216	3.5457	-0.1615}
                    }
                }
                {Bone "gunner2"
                    {Matrix34
                        0.9835	-0.1405	-0.1142
                        0.1384	0.99	-0.0269
                        0.1169	0.0107	0.9931
                        -15.8433	2.1183	-20.4937
                    }
                }
            }
            {Bone revolute "vert_rot2"
                {Limits -6 51}
                {Speed 0.1}
                {Matrix34
                    0.6325	0.7745	0
                    -0.7745	0.6325	0
                    0	0	1
                    3.4102	31.421	4.3375
                }
                {Bone revolute "gun_rot3"
                    {Limits -20 10}
                    {Speed 0.03}
                    {Matrix34
                        1	0	0
                        0	0	1
                        0	-1	0
                        -2.1392	0.0027	1.2312
                    }
                    {Bone "mgun"
                        {Position -2.216	3.5457	-0.1615}
                    }
                }
                {Bone "gunner1"
                    {Matrix34
                        0.9714	-0.2093	-0.1121
                        0.2066	0.9778	-0.0348
                        0.1169	0.0107	0.9931
                        -15.8433	2.1183	-20.4937
                    }
                }
            }
            {Bone "window1"
                {VolumeView "window1.ply"}
            }
            {Bone "window2"
                {VolumeView "window2.ply"}
            }
            {Bone "window3"
                {VolumeView "window3.ply"}
            }
            {Bone "window4"
                {VolumeView "window4.ply"}
            }
            {Bone "window5"
                {VolumeView "window5.ply"}
            }
            {Bone "window6"
                {VolumeView "window6.ply"}
            }
            {Bone "window7"
                {VolumeView "window7.ply"}
            }
            {Bone "window8"
                {VolumeView "window8.ply"}
            }
            {Bone "window9"
                {VolumeView "window9.ply"}
            }
            {Bone "window10"
                {VolumeView "window10.ply"}
            }
            {Bone "window11"
                {VolumeView "window11.ply"}
            }
            {Bone "window12"
                {VolumeView "window12.ply"}
            }
            {Bone "window13"
                {VolumeView "window13.ply"}
            }
            {Bone "window14"
                {VolumeView "window14.ply"}
            }
            {Bone "engine"
                {Parameters "ID=body;"}
                {Position -25.1201	3.84389	20.9608}
                {Bone revolute "propeller1"
                    {Parameters "ID=propeller;"}
                    {Matrix34
                        0.309018	-0.951058	0
                        0.951058	0.309018	0
                        0	0	1
                        25.2971	-3.78604	5.69813
                    }
                    {VolumeView "propeller1.ply"}
                }
                {Bone revolute "propeller2"
                    {Parameters "ID=propeller;"}
                    {Matrix34
                        0.331209	0	0.943558
                        0	1	0
                        -0.943558	0	0.331209
                        -146.143	5.25945	25.1602
                    }
                    {VolumeView "propeller2.ply"}
                }
                {Bone "fxsmoke1"
                    {Matrix34
                        -1	0	0
                        0	-1	0
                        0	0	1
                        -20.6585	-3.83926	3.852
                    }
                }
                {Bone "propeller2_work"
                    {Parameters "CommonMesh;ID=propeller;"}
                    {Matrix34
                        0	0	1
                        0	1	0
                        -1	0	0
                        -146.026	6.91826	24.9111
                    }
                    {Visibility 0}
                    {VolumeView "propeller2_work.ply"}
                }
                {Bone "propeller1_work"
                    {Parameters "CommonMesh;ID=propeller;"}
                    {Position 26.5971	-5.08604	35.402}
                    {Visibility 0}
                    {VolumeView "propeller1_work.ply"}
                }
            }
            {Bone "visor"
                {Position 63.6039	0.072793	17.4148}
            }
            {Bone "driver"
                {Matrix34
                    0.9944	0	0.1057
                    0	1	0
                    -0.1057	0	0.9944
                    49.3143	14.4597	-8.7896
                }
            }
            {Bone "commander"
                {Matrix34
                    0.9944	0	0.1057
                    0	1	0
                    -0.1057	0	0.9944
                    49.7418	-8.7188	-8.7441
                }
            }
            {Bone "passenger2"
                {Matrix34
                    0.9944	0	0.1057
                    0	1	0
                    -0.1057	0	0.9944
                    18.9755	11.0892	-9.8508
                }
            }
            {Bone "passenger3"
                {Matrix34
                    0.9944	0	0.1057
                    0	1	0
                    -0.1057	0	0.9944
                    19.4627	-5.5868	-9.799
                }
            }
            {Bone "passenger4"
                {Matrix34
                    0.9944	0	0.1057
                    0	1	0
                    -0.1057	0	0.9944
                    19.6516	-14.8168	-9.7789
                }
            }
            {Bone "fx_fire2_1"
                {Matrix34
                    -0.171532	0	0.985179
                    0	-1	0
                    0.985179	0	0.171532
                    70.002	-5.03838	6.16973
                }
            }
            {Bone "fx_smoke2_1"
                {Matrix34
                    -0.204076	0	0.978955
                    0	-1	0
                    0.978955	0	0.204076
                    70.4855	-5.64326	6.16973
                }
            }
            {Bone "fx_smoke1_2"
                {Matrix34
                    -0.222433	0	0.974948
                    0	-1	0
                    0.974948	0	0.222433
                    -92.2661	2.64999	14.6173
                }
            }
            {Bone "fx_fire1_1"
                {Matrix34
                    -0.23856	0	0.971128
                    0	-1	0
                    0.971128	0	0.23856
                    -17.4389	13.696	15.4227
                }
            }
            {Bone "fx_smoke1_1"
                {Matrix34
                    -0.241742	0	0.97034
                    0	-1	0
                    0.97034	0	0.241742
                    -2.88952	-15.8112	20.8184
                }
            }
            {Bone "fx_fire1_2"
                {Matrix34
                    -0.276282	-0.285724	0.917622
                    0.955991	-0.179796	0.231851
                    0.0987398	0.941295	0.322824
                    -80.021	-4.89319	12.8978
                }
            }
            {Bone "emit4"
                {Matrix34
                    0.043785	-0.0421215	-0.998152
                    0.997949	-0.0448553	0.045669
                    -0.0466963	-0.998105	0.0400712
                    11.1464	45.5325	-20.1883
                }
                {Visibility 0}
            }
            {Bone "seat01"
                {Matrix34
                    0.998395	0	0.0566279
                    0	1	0
                    -0.056628	0	0.998395
                    -3.3271	-15.8716	-6.84606
                }
            }
        }
        {Bone "emit1"
            {Matrix34
                0.0565327	0.0580866	-0.996709
                0.998395	0	0.0566283
                0.00328935	-0.998311	-0.0579936
                54.5664	45.3925	4.39165
            }
            {Visibility 0}
        }
        {Bone "emit2"
            {Matrix34
                0.0551038	0.0329466	-0.997936
                -0.997368	-0.045363	-0.05657
                -0.0471331	0.998427	0.0303601
                54.4764	-31.3675	4.30165
            }
            {Visibility 0}
        }
        {Bone "emit3"
            {Matrix34
                0.00975383	0.999242	0.0375778
                -0.999371	0.0110225	-0.0337097
                -0.0340983	-0.0372249	0.998721
                46.5664	-51.6575	7.25164
            }
            {Visibility 0}
        }
    }
}
{Volume "body1"
    {Polyhedron "body1.vol"}
    {Bone "body"}
    {Position -27.6995	-0.2675	2.5014}
}
{Volume "body2"
    {Polyhedron "body2.vol"}
    {Bone "body"}
    {Position -84.3053	-0.5706	4.5702}
}
{Volume "body3"
    {Polyhedron "body3.vol"}
    {Bone "body"}
    {Matrix34
        0.9962	0	-0.0872
        0	1	0
        0.0872	0	0.9962
        -157.049	0.1294	26.4291
    }
}
{Volume "body4"
    {Cylinder 8.69919 39.4555}
    {Bone "body"}
    {Matrix34
        0	0	-1
        0	1	0
        1	0	0
        -26.885	0.0524	24.2901
    }
}
{Volume "body5"
    {Polyhedron "body5.vol"}
    {Bone "body"}
    {Position 34.0468	-0.5802	-14.452}
}
{Volume "body"
    {Polyhedron "body.vol"}
    {Bone "body"}
    {Matrix34
        1.1396	0	0
        0	1	0
        0	0	0.3557
        24.6151	0	13.02
    }
}
{Volume "engine1"
    {Cylinder 6.29105 28.5672}
    {Bone "engine"}
    {Matrix34
        0	0	-1
        0	1	0
        1	0	0
        -1.8727	-6.6036	2.8635
    }
}
{Volume "propeller1"
    {Box 124.82 10.0452 2.0599}
    {Bone "propeller1"}
    {Matrix34
        0.0014	-0.9977	-0.068
        0.9998	0	0.0209
        -0.0209	-0.068	0.9975
        -4.632	-85.3823	26.7992
    }
}
{Volume "propeller2"
    {Box 26.8205 4.7271 0.8506}
    {Bone "propeller2"}
    {Matrix34
        0.9998	-0.0172	0.0023
        0.0014	-0.0494	-0.9988
        0.0173	0.9986	-0.0494
        -14.9508	1.4563	-0.5413
    }
}
{Volume "propeller3"
    {Box 26.8205 4.7271 0.8506}
    {Bone "propeller2"}
    {Matrix34
        0.9997	0.0199	0.0158
        0.0159	-0.0066	-0.9999
        -0.0198	0.9998	-0.0069
        14.6815	-0.6408	2.079
    }
}
{Volume "propeller"
    {Box 124.82 10.0452 2.0599}
    {Bone "propeller1"}
    {Matrix34
        0.007	0.9973	-0.0732
        -1	0.007	0
        0.0005	0.0732	0.9973
        2.2302	90.2643	25.6118
    }
}
{Volume "window1"
    {Box 12.3381 2.591 10.4944}
    {Bone "window1"}
    {Matrix34
        0.2013	0	0.1175
        0	6.9286	0
        -0.3523	0	1.3527
        54.7503	-7.1082	15.4284
    }
}
{Volume "window2"
    {Box 12.3381 2.591 10.4944}
    {Bone "window2"}
    {Matrix34
        0.3539	0	0.2728
        0	7.7232	0
        -0.4442	0	1.0272
        54.2316	15.4464	17.0779
    }
}
{Volume "window3"
    {Box 12.3381 2.591 10.4944}
    {Bone "window3"}
    {Matrix34
        1	0	0
        0	4.1019	0
        0	0	1.1595
        70.5	-8.614	-4.754
    }
}
{Volume "window4"
    {Box 12.3381 2.591 10.4944}
    {Bone "window4"}
    {Matrix34
        1	0	0
        0	4.446	0
        0	0	1.0325
        70.5	15.5612	-5.4721
    }
}
{Volume "window5"
    {Box 12.3381 2.591 10.4944}
    {Bone "window5"}
    {Matrix34
        0.8871	0	0
        0	4.3557	0
        0	0	0.4462
        44.178	-9.2179	23.4126
    }
}
{Volume "window6"
    {Box 12.3381 2.591 10.4944}
    {Bone "window6"}
    {Matrix34
        1.1015	0	0
        0	2.9545	0
        0	0	0.3633
        44.9421	14.1815	24.8518
    }
}
{Volume "window7"
    {Box 12.3381 2.591 10.4944}
    {Bone "window7"}
    {Matrix34
        0.9499	0.318	0
        -0.2829	0.8451	0
        0	0	1.4531
        47.8105	-17.4512	9.9
    }
}
{Volume "window8"
    {Box 12.3381 2.591 10.4944}
    {Bone "window8"}
    {Matrix34
        0.9972	-0.2676	0
        0.2592	0.9658	0
        0	0	1.393
        48.3423	23.8879	9.6
    }
}
{Volume "window9"
    {Box 12.3381 2.591 10.4944}
    {Bone "window9"}
    {Matrix34
        0.5162	0	0
        0	1	0
        0	0	1.2157
        30.5103	-20.7	12.0353
    }
}
{Volume "window10"
    {Box 12.3381 2.591 10.4944}
    {Bone "window10"}
    {Matrix34
        0.5653	0	0
        0	1	0
        0	0	1.3338
        31.712	25.8	11.6041
    }
}
{Volume "window11"
    {Box 12.3381 2.591 10.4944}
    {Bone "window11"}
    {Matrix34
        1.0199	-0.1985	0
        0.2233	0.9817	0
        0	0	1.1417
        -20.0195	-20.3897	5.9
    }
}
{Volume "window12"
    {Box 12.3381 2.591 10.4944}
    {Bone "window12"}
    {Matrix34
        1.0605	0.255	0
        -0.2338	0.9723	0
        0	0	1.0643
        -21.6053	24.8373	6
    }
}
{Volume "window13"
    {Box 12.3381 2.591 10.4944}
    {Bone "window13"}
    {Matrix34
        1.0956	-0.209	0
        0.1874	0.9823	0
        0	0	1.0993
        -36.5683	-15.2172	4.8
    }
}
{Volume "window14"
    {Box 12.3381 2.591 10.4944}
    {Bone "window14"}
    {Matrix34
        1.0321	0.335	0
        -0.4127	0.9468	0
        0	0	1.0993
        -36.2834	19.5569	4.5801
    }
}
{Volume "engine2"
    {Cylinder 6.29105 28.5672}
    {Bone "engine"}
    {Matrix34
        0	0	-1
        0	1	0
        1	0	0
        -1.0127	1.4664	5.06351
    }
}
{Volume "pilot_panel"
    {Box 15 10 2.5}
    {Bone "body"}
    {Matrix34
        -0.04922	-0.99839	0.0281792
        0.698279	-0.0142245	0.715684
        -0.71413	0.0549033	0.697856
        60.45	3.9	4.89
    }
}
