;Exported by: ??????
;Date:        Wed Jul 26 22:35:11 2017
;File:        G:\?????? ???\----????? 72\?????? ?-72\?-72?3 ? ??? ???????????\?-72? ? ?????????????\T-72?.max
{Skeleton
	{animation
		{sequence "start"}
		{sequence "stop"}
		{sequence "fire"}
		{sequence "open"}
		{sequence "open1" {speed 0.3}}
		{sequence "fire_front" {speed 0.7}}
		{sequence "fire_left" {speed 0.7}}
		{sequence "fire_right" {speed 0.7}}
		{sequence "fire_back" {speed 0.7}}
		{sequence "open_driver" {speed 0.15} {resume}}
		{sequence "open_otval" {speed 0.9} {resume}}
		{sequence "open_sight" {speed 0.4} {resume}}
	}
	{bone revolute "basis" {limits -0 0}
		{parameters "Wheelradius=0.45;"}
		{Orientation
			1	0	0
			0	-1	0
			0	0	1
		}
	{bone "wheel"
			{Position 2.83891	2.71528	3.98532}
			{bone "wheelsr"
				{Position 0	-25.0641	0}
				{bone prizmatic "suspension_r3"
					{limits -0.2 0.1}
					{Matrix34
						0	-1	0
						1	0	0
						0	0	1
						11.5575	-1.68983	4.95027
					}
					{bone revolute "wheelr4"
						{parameters "ID=trackright;"}
						{Matrix34
							0	1	0
							0	0	-1
							-1	0	0
							3.95942	-1.23259	0.0187578
						}
						{LODView
							{VolumeView "Wheelr4.ply"}
							{VolumeView "wheelr4_lod1.ply"}
						}
					}
				}
				{bone prizmatic "suspension_r2"
					{limits -0.2 0.1}
					{Matrix34
						0	-1	0
						1	0	0
						0	0	1
						28.5231	-1.68982	4.95027
					}
					{bone revolute "wheelr3"
						{parameters "ID=trackright;"}
						{Matrix34
							0	1	0
							0	0	-1
							-1	0	0
							4.61012	-1.54663	0.000597
						}
						{LODView
							{VolumeView "Wheelr4.ply"}
							{VolumeView "wheelr4_lod1.ply"}
						}
					}
				}
				{bone prizmatic "suspension_r1"
					{limits -0.2 0.1}
					{Matrix34
						0	-1	0
						1	0	0
						0	0	1
						45.4242	-1.68983	4.95027
					}
					{bone revolute "wheelr2"
						{parameters "ID=trackright;"}
						{Matrix34
							0	1	0
							0	0	-1
							-1	0	0
							4.61011	-1.11421	0.00060463
						}
						{LODView
							{VolumeView "Wheelr4.ply"}
							{VolumeView "wheelr4_lod1.ply"}
						}
					}
				}
				{bone prizmatic "suspension_r5"
					{limits -0.2 0.1}
					{Matrix34
						0	-1	0
						1	0	0
						0	0	1
						-22.2572	-1.68982	4.95027
					}
					{bone revolute "wheelr6"
						{parameters "ID=trackright;"}
						{Matrix34
							0	1	0
							0	0	-1
							-1	0	0
							4.61014	-1.61055	0.000591278
						}
						{LODView
							{VolumeView "Wheelr4.ply"}
							{VolumeView "wheelr4_lod1.ply"}
						}
					}
				}
				{bone prizmatic "suspension_r6"
					{limits -0.2 0.1}
					{Matrix34
						0	-1	0
						1	0	0
						0	0	1
						-39.8438	-1.68983	4.95027
					}
					{bone revolute "wheelr7"
						{parameters "ID=trackright;"}
						{Matrix34
							0	1	0
							0	0	-1
							-1	0	0
							4.61015	-1.04275	0.000594139
						}
						{LODView
							{VolumeView "Wheelr4.ply"}
							{VolumeView "wheelr4_lod1.ply"}
						}
					}
				}
				{bone prizmatic "suspension_r4"
					{limits -0.2 0.1}
					{Matrix34
						0	-1	0
						1	0	0
						0	0	1
						-5.22813	-1.68982	4.95027
					}
					{bone revolute "wheelr5"
						{parameters "ID=trackright;"}
						{Matrix34
							0	1	0
							0	0	-1
							-1	0	0
							4.01867	-1.70062	0.0160313
						}
						{LODView
							{VolumeView "Wheelr4.ply"}
							{VolumeView "wheelr4_lod1.ply"}
						}
					}
				}
				{bone "trackr"
					{parameters "ID=trackright;"}
					{Matrix34
						-1	0	0
						0	-1	0
						0	0	1
						0.656983	-5.84356	7.10295
					}
					{VolumeView "trackr.ply"}
				}
			}
			{bone "wheelsl"
				{Position 0	19.1988	0}
				{bone prizmatic "suspension_l6"
					{limits -0.2 0.1}
					{Matrix34
						0	-1	0
						1	0	0
						0	0	1
						-40.6566	1.55005	4.95027
					}
					{bone revolute "wheell7"
						{parameters "ID=trackleft;"}
						{Matrix34
							0	1	0
							0	0	-1
							-1	0	0
							-4.67079	-0.0336647	0.0196247
						}
						{LODView
							{VolumeView "Wheell4.ply"}
							{VolumeView "wheell4_lod1.ply"}
						}
					}
				}
				{bone prizmatic "suspension_l4"
					{limits -0.2 0.1}
					{Matrix34
						0	-1	0
						1	0	0
						0	0	1
						-6.04093	1.55006	4.95027
					}
					{bone revolute "wheell5"
						{parameters "ID=trackleft;"}
						{Matrix34
							0	1	0
							0	0	-1
							-1	0	0
							-4.07462	-0.120426	0.0160313
						}
						{LODView
							{VolumeView "Wheell4.ply"}
							{VolumeView "wheell4_lod1.ply"}
						}
					}
				}
				{bone prizmatic "suspension_l3"
					{limits -0.2 0.1}
					{Matrix34
						0	-1	0
						1	0	0
						0	0	1
						10.7447	1.55005	4.95027
					}
					{bone revolute "wheell4"
						{parameters "ID=trackleft;"}
						{Matrix34
							0	1	0
							0	0	-1
							-1	0	0
							-4.13388	-0.0920677	0.0187578
						}
						{LODView
							{VolumeView "Wheell4.ply"}
							{VolumeView "wheell4_lod1.ply"}
						}
					}
				}
				{bone prizmatic "suspension_l2"
					{limits -0.2 0.1}
					{Matrix34
						0	-1	0
						1	0	0
						0	0	1
						27.7103	1.55006	4.95027
					}
					{bone revolute "wheell3"
						{parameters "ID=trackleft;"}
						{Matrix34
							0	1	0
							0	0	-1
							-1	0	0
							-4.13384	-0.0686512	0.0187654
						}
						{LODView
							{VolumeView "Wheell4.ply"}
							{VolumeView "wheell4_lod1.ply"}
						}
					}
				}
				{bone prizmatic "suspension_l1"
					{limits -0.2 0.1}
					{Matrix34
						0	-1	0
						1	0	0
						0	0	1
						44.6114	1.55005	4.95027
					}
					{bone revolute "wheell2"
						{parameters "ID=trackleft;"}
						{Matrix34
							0	1	0
							0	0	-1
							-1	0	0
							-4.67079	-0.0637093	0.0196323
						}
						{LODView
							{VolumeView "Wheell4.ply"}
							{VolumeView "wheell4_lod1.ply"}
						}
					}
				}
				{bone "trackl"
					{parameters "ID=trackleft;"}
					{Matrix34
						-1	0	0
						0	-1	0
						0	0	1
						3.88284	5.68017	7.10294
					}
					{VolumeView "trackl.ply"}
				}
				{bone prizmatic "suspension_l5"
					{limits -0.2 0.1}
					{Matrix34
						0	-1	0
						1	0	0
						0	0	1
						-23.126	1.55005	4.95027
					}
					{bone revolute "wheell6"
						{parameters "ID=trackleft;"}
						{Matrix34
							0	1	0
							0	0	-1
							-1	0	0
							-4.13387	0.0282402	0.0187731
						}
						{LODView
							{VolumeView "Wheell4.ply"}
							{VolumeView "wheell4_lod1.ply"}
						}
					}
				}
			}
		}
		{bone "fxtracer1"
			{Matrix34
				0	1	0
				-1	0	0
				0	0	1
				48.7503	27.9232	0.282539
			}
		}
		{bone "fxtracel1"
			{Matrix34
				0	1	0
				-1	0	0
				0	0	1
				48.7503	-28.2463	0.282539
			}
		}
		{bone "fxtracel2"
			{Matrix34
				0	1	0
				-1	0	0
				0	0	1
				-38.3426	-28.2464	0.282539
			}
		}
		{bone "fxtracer2"
			{Matrix34
				0	1	0
				-1	0	0
				0	0	1
				-38.3426	27.9231	0.282539
			}
		}
		{bone "emit1"
			{Matrix34
				0	-1	0
				1	0	0
				0	0	1
				-11.1773	48.795	0
			}
		}
		{bone "emit2"
			{Matrix34
				0	1	0
				-1	0	0
				0	0	1
				0.8362	-48.219	0
			}
		}
		{bone "emit0"
			{Matrix34
				0	-1	0
				1	0	0
				0	0	1
				46.6113	48.795	0
			}
		}
		{bone "fire_body_bone"
			{Matrix34
				0	1	0
				-1	0	0
				0	0	1
				-3.07087	-0.236222	19.4685
			}
			{bone "body"
				{parameters "ID=body;"}
				{Matrix34
					1	0	-2.32523e-05
					0	1	0
					2.32523e-05	0	1
					-0.0103762	0	0
				}
				{LODView
					{VolumeView "body.ply"}
					{VolumeView "body_lod1.ply"}
				}
				{bone "body_detail2"
					{parameters "ID=body;"}
					{Position -0.0652264	-53.1341	1.41214}
					{VolumeView "body_detail2.ply"}
				}
				{bone revolute "wheell9"
					{parameters "ID=trackleft;"}
					{Matrix34
						0	-1	0
						0	0	-1
						1	0	0
						24.0457	-41.7349	-0.590263
					}
					{VolumeView "wheell9.ply"}
				}
				{bone revolute "wheell10"
					{parameters "ID=trackleft;"}
					{Matrix34
						0	-1	0
						0	0	-1
						1	0	0
						24.0457	-8.2329	-0.590263
					}
					{VolumeView "wheell10.ply"}
				}
				{bone revolute "wheell11"
					{parameters "ID=trackleft;"}
					{Matrix34
						0	-1	0
						0	0	-1
						1	0	0
						24.0456	24.6614	-0.590263
					}
					{VolumeView "wheell11.ply"}
				}
				{bone revolute "wheelr11"
					{parameters "ID=trackright;"}
					{Matrix34
						0	-1	0
						0	0	-1
						1	0	0
						-23.9786	24.6614	-0.590256
					}
					{VolumeView "wheelr11.ply"}
				}
				{bone revolute "wheelr10"
					{parameters "ID=trackright;"}
					{Matrix34
						0	-1	0
						0	0	-1
						1	0	0
						-23.9786	-8.23291	-0.590256
					}
					{VolumeView "wheelr10.ply"}
				}
				{bone revolute "wheelr9"
					{parameters "ID=trackright;"}
					{Matrix34
						0	-1	0
						0	0	-1
						1	0	0
						-23.9786	-41.7349	-0.590256
					}
					{VolumeView "wheelr9.ply"}
				}
				{bone revolute "wheell8"
					{parameters "ID=trackleft;"}
					{Matrix34
						0	-1	0
						0	0	-1
						1	0	0
						28.9647	48.9187	-4.23839
					}
					{VolumeView "wheell8.ply"}
				}
				{bone revolute "wheelr8"
					{parameters "ID=trackright;"}
					{Matrix34
						0	-1	0
						0	0	-1
						1	0	0
						-28.9711	48.9187	-4.27033
					}
					{VolumeView "wheelr8.ply"}
				}
				{bone revolute "wheell1"
					{parameters "ID=trackleft;"}
					{Matrix34
						0	-1	0
						0	0	-1
						1	0	0
						28.2399	-62.6176	-3.77374
					}
					{VolumeView "wheell1.ply"}
				}
				{bone revolute "wheelr1"
					{parameters "ID=trackright;"}
					{Matrix34
						0	-1	0
						0	0	-1
						1	0	0
						-28.4675	-62.6477	-3.8039
					}
					{VolumeView "wheelr1.ply"}
				}
				{bone "exhaust_system_72"
					{parameters "ID=body;"}
					{Position 27.8876	33.9155	7.5621}
					{VolumeView "exhaust_system_72.ply"}
					{bone "fxsmoke1"
						{Matrix34
							0.965926	0	-0.258819
							0.258819	0	0.965926
							0	-1	0
							6.48477	-3.26436	-1.7613
						}
					}
					{bone "fxsmoke2"
						{Matrix34
							0.965926	0	-0.258819
							0.258819	0	0.965926
							0	-1	0
							6.48477	1.50732	-1.7613
						}
					}
				}
				{bone "body_detail"
					{parameters "ID=body;"}
					{Position 0.0541108	-50.5367	2.72404}
					{VolumeView "body_detail.ply"}
					{bone "headlightl"
						{Matrix34
							0	-1	0
							0	0	1
							-1	0	0
							16.0955	-5.87139	-0.0882778
						}
					}
					{bone "headlightr"
						{Matrix34
							0	-1	0
							0	0	1
							-1	0	0
							-16.2557	-5.87139	-0.0882797
						}
					}
					{bone "fxlight"
						{Matrix34
							0	-1	0
							0	0	1
							-1	0	0
							-0.480207	-5.87139	-0.0882778
						}
					}
				}
				{bone "detail_brevno"
					{Position -0.040174	63.9332	0.618296}
					{VolumeView "detail_brevno.ply"}
				}
				{bone "barrel_krep"
					{Position 1.29708	67.6493	4.3908}
					{VolumeView "barrel_krep.ply"}
					{bone "detail_vedro"
						{Matrix34
							1	0	2.3365e-05
							0	1	0
							-2.3365e-05	0	1
							5.05877	1.75436	-0.11231
						}
						{VolumeView "detail_vedro.ply"}
					}
				}
				{bone "rabber_bort"
					{Position 0.0700186	2.85038	6.08179}
					{VolumeView "rabber_bort.ply"}
				}
				{bone "otval1"
					{Position -0.0171707	-43.5911	-11.9407}
					{VolumeView "otval1.ply"}
					{bone "otval2"
						{Position 0.017232	-9.02246	0.0850916}
						{VolumeView "otval2.ply"}
					}
				}
				{bone "shieldr6"
					{parameters "ID=shield_body;"}
					{Position -27.9117	62.4278	1.97715}
					{VolumeView "shieldr6.ply"}
				}
				{bone "shieldl1"
					{parameters "ID=shield_body;"}
					{Position 24.893	-65.3676	-0.26326}
					{VolumeView "shieldl1.ply"}
					{bone "kreplenie_dz_k1_sh1"
						{Matrix34
							0.499999	-0.809282	-0.308322
							0.866025	0.467245	0.177995
							1.31026e-05	-0.356012	0.934481
							-24.7172	43.2096	-0.525669
						}
						{VolumeView "kreplenie_dz_k1_sh1.ply"}
						{bone "d_a93"
							{Matrix34
								0.499999	0.866025	1.28648e-05
								-0.809282	0.467246	-0.356012
								-0.308322	0.177995	0.934481
								49.9377	12.045	13.5938
							}
							{VolumeView "d_a93.ply"}
						}
					}
				}
				{bone "shieldl2"
					{parameters "ID=shield_body;"}
					{Position 34.2755	-44.4949	-0.336273}
					{VolumeView "shieldl2.ply"}
					{bone "kreplenie_dz_k1_sh2"
						{Matrix34
							0.5	-0.809282	-0.308322
							0.866025	0.467245	0.177995
							1.32235e-05	-0.356012	0.934481
							-34.0997	22.3369	-0.452635
						}
						{VolumeView "kreplenie_dz_k1_sh2.ply"}
						{bone "d_a97"
							{Matrix34
								0.5	0.866025	1.30234e-05
								-0.809282	0.467245	-0.356012
								-0.308322	0.177995	0.934481
								41.9872	16.6354	10.8512
							}
							{VolumeView "d_a97.ply"}
						}
						{bone "d_a94"
							{Matrix34
								0.5	0.866025	1.30234e-05
								-0.809282	0.467245	-0.356012
								-0.308322	0.177995	0.934481
								28.4561	25.1329	4.7682
							}
							{VolumeView "d_a94.ply"}
						}
						{bone "d_a95"
							{Matrix34
								0.5	0.866025	1.30234e-05
								-0.809282	0.467245	-0.356012
								-0.308322	0.177995	0.934481
								32.976	22.2999	6.79912
							}
							{VolumeView "d_a95.ply"}
						}
						{bone "d_a96"
							{Matrix34
								0.5	0.866025	1.30234e-05
								-0.809282	0.467245	-0.356012
								-0.308322	0.177995	0.934481
								37.479	19.4631	8.82516
							}
							{VolumeView "d_a96.ply"}
						}
					}
				}
				{bone "shieldl3"
					{parameters "ID=shield_body;"}
					{Position 34.2755	-17.7655	-0.368622}
					{VolumeView "shieldl3.ply"}
					{bone "kreplenie_dz_k1_sh3"
						{Matrix34
							0.5	-0.809282	-0.308322
							0.866025	0.467245	0.177995
							1.32235e-05	-0.356012	0.934481
							-34.0997	-4.39244	-0.420277
						}
						{VolumeView "kreplenie_dz_k1_sh3.ply"}
						{bone "d_a98"
							{Matrix34
								0.5	0.866025	1.30234e-05
								-0.809282	0.467245	-0.356012
								-0.308322	0.177995	0.934481
								8.06404	36.9063	-4.20245
							}
							{VolumeView "d_a98.ply"}
						}
						{bone "d_a99"
							{Matrix34
								0.5	0.866025	1.30234e-05
								-0.809282	0.467245	-0.356012
								-0.308322	0.177995	0.934481
								12.584	34.0734	-2.17158
							}
							{VolumeView "d_a99.ply"}
						}
						{bone "d_a100"
							{Matrix34
								0.5	0.866025	1.30234e-05
								-0.809282	0.467245	-0.356012
								-0.308322	0.177995	0.934481
								17.0869	31.2366	-0.145538
							}
							{VolumeView "d_a100.ply"}
						}
						{bone "d_a101"
							{Matrix34
								0.5	0.866025	1.30234e-05
								-0.809282	0.467245	-0.356012
								-0.308322	0.177995	0.934481
								21.5951	28.409	1.88046
							}
							{VolumeView "d_a101.ply"}
						}
					}
				}
				{bone "shieldl4"
					{parameters "ID=shield_body;"}
					{Position 34.2755	8.80915	-0.409601}
					{VolumeView "shieldl4.ply"}
					{bone "kreplenie_dz_k1_sh4"
						{Matrix34
							0.5	-0.809282	-0.308322
							0.866025	0.467245	0.177995
							1.31328e-05	-0.356012	0.934481
							-34.0997	-30.9672	-0.379299
						}
						{VolumeView "kreplenie_dz_k1_sh4.ply"}
						{bone "d_a78"
							{Matrix34
								0.5	0.866025	1.30354e-05
								-0.809282	0.467245	-0.356012
								-0.308322	0.177995	0.934481
								-4.36759	43.6235	-9.58363
							}
							{VolumeView "d_a78.ply"}
						}
						{bone "d_a102"
							{Matrix34
								0.5	0.866025	1.30354e-05
								-0.809282	0.467245	-0.356012
								-0.308322	0.177995	0.934481
								-13.3904	49.2932	-13.6405
							}
							{VolumeView "d_a102.ply"}
						}
						{bone "d_a103"
							{Matrix34
								0.5	0.866025	1.30354e-05
								-0.809282	0.467245	-0.356012
								-0.308322	0.177995	0.934481
								-8.87051	46.4602	-11.6096
							}
							{VolumeView "d_a103.ply"}
						}
						{bone "d_a41"
							{Matrix34
								0.5	0.866025	1.30354e-05
								-0.809282	0.467245	-0.356012
								-0.308322	0.177995	0.934481
								0.140617	40.7959	-7.55759
							}
							{VolumeView "d_a41.ply"}
						}
					}
				}
				{bone "shieldl5"
					{parameters "ID=shield_body;"}
					{Position 34.2755	40.8485	-0.443449}
					{VolumeView "shieldl5.ply"}
				}
				{bone "shieldl6"
					{parameters "ID=shield_body;"}
					{Position 27.9118	62.4278	1.97715}
					{VolumeView "shieldl6.ply"}
				}
				{bone "shieldr1"
					{parameters "ID=shield_body;"}
					{Position -24.8721	-65.3676	-0.263245}
					{VolumeView "shieldr1.ply"}
					{bone "kreplenie_dz_k1_sh5"
						{Matrix34
							0.499999	-0.809283	-0.308322
							0.866026	0.467244	0.177995
							1.31219e-05	-0.356012	0.934481
							25.048	43.2096	-0.525663
						}
						{VolumeView "kreplenie_dz_k1_sh5.ply"}
						{bone "d_a84"
							{Matrix34
								-0.499991	-0.86603	-2.30554e-05
								-0.806813	0.465813	-0.363417
								0.314741	-0.181687	-0.931626
								13.5446	-49.5922	14.0228
							}
							{VolumeView "d_a84.ply"}
						}
					}
				}
				{bone "shieldr2"
					{parameters "ID=shield_body;"}
					{Position -34.2754	-44.4918	-0.336281}
					{VolumeView "shieldr2.ply"}
					{bone "kreplenie_dz_k1_sh6"
						{Matrix34
							0.5	-0.809282	-0.308322
							0.866025	0.467245	0.177995
							1.32537e-05	-0.356012	0.934481
							34.4512	22.3339	-0.452635
						}
						{VolumeView "kreplenie_dz_k1_sh6.ply"}
						{bone "d_a83"
							{Matrix34
								-0.5	-0.866025	-1.32485e-05
								-0.809282	0.467246	-0.356012
								0.308322	-0.177995	-0.934481
								-7.74285	-37.5102	4.84015
							}
							{VolumeView "d_a83.ply"}
						}
						{bone "d_a80"
							{Matrix34
								-0.5	-0.866025	-1.32485e-05
								-0.809282	0.467246	-0.356012
								0.308322	-0.177995	-0.934481
								6.3815	-44.9799	10.9231
							}
							{VolumeView "d_a80.ply"}
						}
						{bone "d_a81"
							{Matrix34
								-0.5	-0.866025	-1.32485e-05
								-0.809282	0.467246	-0.356012
								0.308322	-0.177995	-0.934481
								1.67865	-42.4894	8.89709
							}
							{VolumeView "d_a81.ply"}
						}
						{bone "d_a82"
							{Matrix34
								-0.5	-0.866025	-1.32485e-05
								-0.809282	0.467246	-0.356012
								0.308322	-0.177995	-0.934481
								-3.02951	-40.0081	6.87106
							}
							{VolumeView "d_a82.ply"}
						}
					}
				}
				{bone "shieldr3"
					{parameters "ID=shield_body;"}
					{Position -34.2754	-17.7655	-0.368637}
					{VolumeView "shieldr3.ply"}
					{bone "kreplenie_dz_k1_sh7"
						{Matrix34
							0.5	-0.809282	-0.308322
							0.866025	0.467245	0.177995
							1.32235e-05	-0.356012	0.934481
							34.4512	-4.39245	-0.420277
						}
						{VolumeView "kreplenie_dz_k1_sh7.ply"}
						{bone "d_a89"
							{Matrix34
								-0.5	-0.866025	-1.33784e-05
								-0.809282	0.467246	-0.356012
								0.308322	-0.177995	-0.934481
								-28.1349	-25.7367	-4.13054
							}
							{VolumeView "d_a89.ply"}
						}
						{bone "d_a90"
							{Matrix34
								-0.5	-0.866025	-1.33784e-05
								-0.809282	0.467246	-0.356012
								0.308322	-0.177995	-0.934481
								-23.4215	-28.2346	-2.09962
							}
							{VolumeView "d_a90.ply"}
						}
						{bone "d_a91"
							{Matrix34
								-0.5	-0.866025	-1.33784e-05
								-0.809282	0.467246	-0.356012
								0.308322	-0.177995	-0.934481
								-18.7134	-30.7159	-0.073597
							}
							{VolumeView "d_a91.ply"}
						}
						{bone "d_a92"
							{Matrix34
								-0.5	-0.866025	-1.33784e-05
								-0.809282	0.467246	-0.356012
								0.308322	-0.177995	-0.934481
								-14.0105	-33.2064	1.95245
							}
							{VolumeView "d_a92.ply"}
						}
					}
				}
				{bone "shieldr4"
					{parameters "ID=shield_body;"}
					{Position -34.2754	8.80916	-0.409609}
					{VolumeView "shieldr4.ply"}
					{bone "kreplenie_dz_k1_sh8"
						{Matrix34
							0.5	-0.809282	-0.308322
							0.866025	0.467245	0.177995
							1.32235e-05	-0.356012	0.934481
							34.4512	-30.9671	-0.379297
						}
						{VolumeView "kreplenie_dz_k1_sh8.ply"}
						{bone "d_a85"
							{Matrix34
								-0.5	-0.866025	-1.33784e-05
								-0.809282	0.467246	-0.356012
								0.308322	-0.177995	-0.934481
								-49.5894	-13.3498	-13.5686
							}
							{VolumeView "d_a85.ply"}
						}
						{bone "d_a86"
							{Matrix34
								-0.5	-0.866025	-1.33784e-05
								-0.809282	0.467246	-0.356012
								0.308322	-0.177995	-0.934481
								-44.876	-15.8477	-11.5377
							}
							{VolumeView "d_a86.ply"}
						}
						{bone "d_a87"
							{Matrix34
								-0.5	-0.866025	-1.33784e-05
								-0.809282	0.467246	-0.356012
								0.308322	-0.177995	-0.934481
								-40.1679	-18.3291	-9.51165
							}
							{VolumeView "d_a87.ply"}
						}
						{bone "d_a88"
							{Matrix34
								-0.5	-0.866025	-1.33784e-05
								-0.809282	0.467246	-0.356012
								0.308322	-0.177995	-0.934481
								-35.465	-20.8195	-7.48562
							}
							{VolumeView "d_a88.ply"}
						}
					}
				}
				{bone "shieldr5"
					{parameters "ID=shield_body;"}
					{Position -34.2754	40.8485	-0.443457}
					{VolumeView "shieldr5.ply"}
				}
				{bone "torsion"
					{Matrix34
						1	0	0
						0	-1	0
						0	0	1
						-0.0186538	-10.9506	-9.44572
					}
					{VolumeView "torsion.ply"}
				}
				{bone "body_system"
					{Position 0.229353	-9.13886	-19.2666}
				}
				{bone "visor2"
					{Matrix34
						0	-1	0
						0	0	1
						-1	0	0
						-0.0294607	-38.5277	7.58801
					}
				}
				{bone "fxstop2"
					{Matrix34
						0	1	0
						0	0	1
						1	0	0
						23.6647	61.7575	5.64559
					}
				}
				{bone "fxstop1"
					{Matrix34
						0	1	0
						0	0	1
						1	0	0
						-23.6449	61.7575	5.64559
					}
				}
				{bone "fxfire1"
					{Matrix34
						0	0	1
						0	1	0
						-1	0	0
						4.62637	49.5544	8.5503
					}
				}
				{bone "driver_cover"
					{parameters "ID=body;"}
					{Position -6.97532	-34.569	7.42297}
					{VolumeView "driver_cover.ply"}
				}
				{bone revolute "turret"
					{parameters "ID=turret;"}
					{Position -0.0221226	-2.83375	14.8155}
					{VolumeView "turret.ply"}
					{bone "ammo_box2"
						{Position -25.7868	-1.29298	-2.22752}
						{VolumeView "ammo_box2.ply"}
					}
					{bone "shell_cover"
						{Matrix34
							0	-0.942693	0.33366
							1	0	0
							0	0.33366	0.942693
							3.33078	13.6457	5.59703
						}
						{VolumeView "shell_cover.ply"}
					}
					{bone "gun_brezent"
						{parameters "CommonMesh;ID=gun;"}
						{Position 0.0304032	-23.2497	-1.83691}
						{VolumeView "gun_brezent.ply"}
					}
					{bone "pu_tucha"
						{parameters "ID=turret;"}
						{Position 1.81751	10.8444	9.10741}
						{VolumeView "pu_tucha.ply"}
						{bone "foresight21"
							{Matrix34
								0	-0.807107	0.707107
								1	0	0
								0	0.707107	0.707107
								26.4944	-15.9235	-5.85893
							}
						}
					}
					{bone "shieldl7"
						{parameters "ID=shield_turret;"}
						{Position 20.9452	10.9873	-1.28565}
						{VolumeView "shieldl7.ply"}
						{bone "detail_skatka2"
							{Matrix34
								0.377079	0.243093	0.89371
								-0.751164	-0.484222	0.448645
								0.541816	-0.840497	1.2524e-05
								-7.26159	8.52905	4.84853
							}
							{VolumeView "detail_skatka2.ply"}
						}
						{bone "enumerator1"
							{Matrix34
								-0.533753	0.845641	-1.23694e-05
								0.410851	0.259334	0.874041
								0.739128	0.466516	-0.485853
								4.46246	1.72995	-1.2344
							}
							{VolumeView "number1.ply"}
						}
						{bone "taktical_sing2"
							{Matrix34
								-0.533752	0.845641	-1.24064e-05
								0.410851	0.259334	0.874041
								0.739128	0.466516	-0.485853
								-0.221756	9.07028	-1.21695
							}
							{VolumeView "taktical_sing2.ply"}
						}
					}
					{bone "shieldl10"
						{parameters "ID=shield_turret;"}
						{Position -0.625762	27.2162	0.647873}
						{VolumeView "shieldl10.ply"}
						{bone "ammo_box"
							{Position -12.1969	-1.02612	0.153324}
							{VolumeView "ammo_box.ply"}
						}
						{bone "detail_opvt"
							{parameters "ID=shield_turret;"}
							{Position 0	0	1.52588e-05}
							{VolumeView "detail_opvt.ply"}
						}
						{bone "enumerator2"
							{Matrix34
								-0.999991	0.00431599	-1.23685e-05
								0.00208613	0.485848	0.874041
								0.00377836	0.874032	-0.485853
								-0.652475	2.85945	-1.02884
							}
							{VolumeView "number4.ply"}
						}
					}
					{bone "meteodatchik_72"
						{Position 3.16781	12.489	9.6814}
						{VolumeView "meteodatchik_72.ply"}
						{bone "fxstop3"
							{Matrix34
								0	1	0
								0	0	1
								1	0	0
								2.72984	6.17912	-0.596233
							}
						}
					}
					{bone "shieldl8"
						{parameters "ID=shield_turret;"}
						{Position -20.7199	11.2999	-1.28584}
						{VolumeView "shieldl8.ply"}
						{bone "detail_skatka"
							{Matrix34
								0.552415	0.83357	1.28746e-05
								-0.83357	0.552415	-1.95503e-05
								-2.34087e-05	0	1
								-3.31531	4.16338	3.71307
							}
							{VolumeView "detail_skatka.ply"}
						}
						{bone "enumerator3"
							{Matrix34
								-0.514484	-0.8575	-1.19209e-05
								-0.416654	0.249973	0.874021
								-0.74947	0.449675	-0.485888
								-4.89911	1.36702	-1.2945
							}
							{VolumeView "number1.ply"}
						}
						{bone "taktical_sing"
							{Matrix34
								-0.514484	-0.8575	-1.19507e-05
								-0.416654	0.249973	0.874021
								-0.74947	0.449675	-0.485888
								-0.392042	9.11316	-1.05673
							}
							{VolumeView "taktical_sing.ply"}
						}
					}
					{bone "luna"
						{Position -8.80541	-17.744	0.277225}
						{VolumeView "luna.ply"}
						{bone "taktical_sing4"
							{Matrix34
								1	0	2.3365e-05
								-2.3365e-05	0	1
								0	-1	0
								-1.77263	-11.5108	-2.48129
							}
							{VolumeView "taktical_sing4.ply"}
						}
					}
					{bone "visor1"
						{Matrix34
							0	-1	0
							0	0	1
							-1	0	0
							13.9196	-4.45295	6.36849
						}
					}
					{bone "visor3"
						{Matrix34
							0	-1	0
							0	0	1
							-1	0	0
							8.53282	-12.2925	4.1616
						}
					}
					{bone revolute "gun_rot"
						{limits -5 15}
						{speed 0.01}
						{Matrix34
							0	-1	0
							0	0	1
							-1	0	0
							0.0195905	-19.2047	-2.53635
						}
						{bone "gun"
							{parameters "ID=gun;"}
							{Matrix34
								0	0	-1
								-1	0	0
								0	1	0
								54.8552	-0.00540161	-0.0108713
							}
							{LODView
								{VolumeView "gun.ply"}
								{VolumeView "gun_lod1.ply"}
							}
							{bone "foresight1"
								{Matrix34
									0	-1	0
									0	0	1
									-1	0	0
									-0.0219076	-44.5073	0.00624466
								}
							}
						}
						{bone "sh_gun_72b"
							{Matrix34
								0	0	-1
								-1	0	0
								0	1	0
								6.01162	3.99619	-0.0484776
							}
							{VolumeView "sh_gun_72b.ply"}
							{bone "d_a1"
								{Matrix34
									0	-0.173651	0.984807
									0	0.984807	0.173651
									-1	0	0
									-0.0231123	2.36679	2.28208
								}
								{VolumeView "d_a1.ply"}
							}
						}
					}
					{bone revolute "mgun"
						{parameters "ID=mgun_pkt;"}
						{limits -5 15}
						{speed 0.01}
						{Matrix34
							0	-1	0
							0	0	1
							-1	0	0
							-6.89984	-23.0376	-3.41402
						}
						{VolumeView "mgun.ply"}
						{bone "foresight5"
							{Position 2.9976	0.0106335	0.00703144}
						}
					}
					{bone revolute "mgun_turret"
						{parameters "ID=mgun_turret;"}
						{Position -11.7822	5.73644	7.88485}
						{LODView
							{VolumeView "mgun_turret.ply"}
							{VolumeView "mgun_turret_lod1.ply"}
						}
						{bone revolute "mgun_rot"
							{parameters "ID=mgun;"}
							{limits -10 40}
							{speed 0.01}
							{Matrix34
								0	1	0
								0	0	1
								1	0	0
								14.95	9.81673	1.42949
							}
							{LODView
								{VolumeView "mgun_rot.ply"}
								{VolumeView "mgun_rot_lod1.ply"}
							}
							{bone "nsvt"
								{Matrix34
									1	0	0
									0	0	-1
									0	1	0
									7.28831	3.53247	-14.4389
								}
								{LODView
									{VolumeView "nsvt.ply"}
									{VolumeView "nsvt_lod1.ply"}
								}
								{bone "foresight3"
									{Position 29.1272	0.35736	0.308041}
								}
								{bone "fxshell"
								    {Matrix34
										0	1	2.3365e-05
										-1	0	0
										0	-2.3365e-05	1
										-1.90399	1.50794	1.25157
									}
								}
							}
						}
						{bone "fxfire3"
							{Matrix34
								0	0	1
								0	1	0
								-1	0	0
								-0.332752	2.7582	-0.832413
							}
						}
						{bone revolute "visor4"
						    {limits -15 15} 
						    {speed 0.03}
							{Matrix34
								0	-1	0
								0	0	1
								-1	0	0
								-0.0630445	-7.45129	0.415714
							}
							{bone "foresight6"

							}
						}
						{bone "detail_com_shitok"
							{Position 13.5998	5.10795	1.22255}
							{VolumeView "detail_com_shitok.ply"}
						}
						{bone revolute "gunner2"
							{Matrix34
								0	0.999916	0.0129332
								-1	0	0
								0	-0.0129332	0.999916
								-0.37854	2.4701	-19.0377
							}
						}
						{bone "cover"
							{Position -0.816804	-2.21986	0.744701}
							{VolumeView "cover.ply"}
						}
					}
					{bone "antenna"
						{Position -5.83731	20.4111	41.8281}
						{VolumeView "antenna.ply"}
					}
					{bone "turret_systems"
						{Matrix34
							0	-1	0
							1	0	0
							0	0	1
							0.179071	13.2617	4.24072
						}
					}
					{bone "1k13"
						{Position 14.7794	-2.58364	5.81216}
						{VolumeView "1k13.ply"}
						{bone "1k13_sh"
							{Position 2.91525	-1.22107	-0.0031662}
							{VolumeView "1k13_sh.ply"}
						}
					}
					{bone "kreplenie_dz_k1_turret1"
						{Matrix34
							0.499999	-0.809283	-0.308322
							0.866025	0.467245	0.177995
							1.32839e-05	-0.356012	0.934481
							0.206117	-19.3181	-15.6044
						}
						{VolumeView "kreplenie_dz_k1_turret1.ply"}
						{bone "d_a11"
							{Matrix34
								-0.232461	0.74786	-0.621826
								-0.427185	0.495864	0.756064
								0.87377	0.44139	0.204206
								-11.1884	-14.7115	13.8424
							}
							{VolumeView "d_a11.ply"}
						}
						{bone "d_a12"
							{Matrix34
								-0.0865922	0.806494	-0.584867
								-0.367939	0.519676	0.771075
								0.925809	0.281963	0.251742
								-14.423	-15.5989	13.2527
							}
							{VolumeView "d_a12.ply"}
						}
						{bone "d_a13"
							{Matrix34
								-0.0865922	0.806494	-0.584867
								-0.367939	0.519676	0.771075
								0.925809	0.281963	0.251742
								-17.5879	-16.531	12.3707
							}
							{VolumeView "d_a13.ply"}
						}
						{bone "d_a14"
							{Matrix34
								0.0994204	0.841989	-0.530255
								-0.29239	0.53409	0.793256
								0.951117	0.0761733	0.299289
								-20.5808	-17.0385	11.2932
							}
							{VolumeView "d_a14.ply"}
						}
						{bone "d_a15"
							{Matrix34
								0.218997	0.843169	-0.491026
								-0.243825	0.534567	0.809189
								0.94477	-0.0574879	0.322654
								-23.5338	-17.0167	10.3221
							}
							{VolumeView "d_a15.ply"}
						}
						{bone "d_a33"
							{Matrix34
								-0.633773	0.365933	-0.681488
								-0.590182	0.34075	0.73183
								0.500016	0.866016	0
								4.37053	4.51073	14.7522
							}
							{VolumeView "d_a33.ply"}
						}
						{bone "d_a36"
							{Matrix34
								-0.552324	0.177231	-0.814572
								-0.744661	0.334339	0.577665
								0.374721	0.925639	-0.0526864
								6.47616	10.2464	15.2907
							}
							{VolumeView "d_a36.ply"}
						}
						{bone "d_a4"
							{Matrix34
								-0.611725	0.0180818	-0.790864
								-0.768312	0.224495	0.599415
								0.188381	0.974308	-0.123437
								7.08083	13.4033	14.9483
							}
							{VolumeView "d_a4.ply"}
						}
						{bone "d_a5"
							{Matrix34
								-0.632014	-0.201391	-0.748332
								-0.772197	0.0822321	0.63004
								-0.0653501	0.976053	-0.207485
								6.83883	16.6112	14.3471
							}
							{VolumeView "d_a5.ply"}
							{bone "enumerator4"
								{Matrix34
									-0.841446	-0.540261	-0.00923461
									-0.00777541	-0.00497987	0.999957
									-0.540285	0.841482	0
									-1.64096	-0.594172	0.000198722
								}
								{VolumeView "number3_1.ply"}
							}
						}
						{bone "d_a6"
							{Matrix34
								-0.600444	-0.319161	-0.733214
								-0.773748	0.000336871	0.633493
								-0.201941	0.9477	-0.247153
								6.04336	19.5079	13.7809
							}
							{VolumeView "d_a6.ply"}
							{bone "enumerator5"
								{Matrix34
									-0.830609	-0.556851	-0.00228739
									-0.00190567	-0.00126438	0.999997
									-0.556853	0.830611	-1.06101e-05
									-1.70004	-0.702708	0.0110823
								}
								{VolumeView "number3_2.ply"}
							}
						}
						{bone "d_a7"
							{Matrix34
								-0.58774	-0.319125	-0.743452
								-0.783442	-0.00487168	0.621446
								-0.201943	0.9477	-0.247152
								5.02129	22.6548	12.82
							}
							{VolumeView "d_a7.ply"}
							{bone "enumerator6"
								{Matrix34
									-0.821225	-0.5702	-0.021474
									-0.0176443	-0.0122383	0.999769
									-0.570332	0.821415	-1.00367e-05
									-1.88673	-0.767915	0.0599151
								}
								{VolumeView "number3_3.ply"}
							}
						}
						{bone "d_a8"
							{Matrix34
								-0.737924	-0.535091	-0.411272
								-0.441063	0.843618	-0.306225
								0.510814	-0.0445747	-0.858535
								3.40765	26.6577	10.617
							}
							{VolumeView "d_a8.ply"}
						}
					}
					{bone "kreplenie_dz_k1_turret"
						{Position 0.169065	-8.14415	1.48521}
						{VolumeView "kreplenie_dz_k1_turret.ply"}
						{bone "d_a2"
							{Matrix34
								0	0.208974	-0.977921
								2.41372e-05	0.977921	0.208974
								1	-2.32851e-05	0
								-2.46128	-2.46714	4.22259
							}
							{VolumeView "d_a2.ply"}
						}
						{bone "d_a3"
							{Matrix34
								0	0.201881	-0.97941
								2.46044e-05	0.97941	0.201881
								1	-2.40407e-05	0
								21.5179	-3.26669	0.701046
							}
							{VolumeView "d_a3.ply"}
						}
						{bone "d_a130"
							{Matrix34
								0	0.20898	-0.97792
								2.31699e-05	0.97792	0.208981
								1	-2.40709e-05	0
								18.5303	-4.35793	0.764282
							}
							{VolumeView "d_a130.ply"}
						}
						{bone "d_a9"
							{Matrix34
								-0.947104	0.0258049	-0.319889
								-0.318529	0.0460549	0.946793
								0.039165	0.998606	-0.035399
								26.4063	-0.217534	-3.31163
							}
							{VolumeView "d_a9.ply"}
						}
						{bone "d_a40"
							{Matrix34
								0	0.201881	-0.97941
								2.46044e-05	0.97941	0.201881
								1	-2.40407e-05	0
								-2.46011	9.08491	6.51691
							}
							{VolumeView "d_a40.ply"}
						}
						{bone "d_a17"
							{Matrix34
								0	0.208974	-0.977921
								2.41372e-05	0.977921	0.208974
								1	-2.32851e-05	0
								3.48137	-2.46728	4.22255
							}
							{VolumeView "d_a17.ply"}
						}
						{bone "d_a18"
							{Matrix34
								0	0.208974	-0.977921
								2.41372e-05	0.977921	0.208974
								1	-2.32851e-05	0
								0.509078	-2.46721	4.22256
							}
							{VolumeView "d_a18.ply"}
						}
						{bone "d_a19"
							{Matrix34
								0	0.247921	-0.96878
								2.38054e-05	0.96878	0.247921
								1	-2.30736e-05	0
								15.5979	-6.05095	1.45362
							}
							{VolumeView "d_a19.ply"}
						}
						{bone "d_a20"
							{Matrix34
								0	0.208974	-0.977921
								2.41372e-05	0.977921	0.208974
								1	-2.32851e-05	0
								-5.44149	-2.46707	4.22257
							}
							{VolumeView "d_a20.ply"}
						}
						{bone "d_a21"
							{Matrix34
								0	0.374863	-0.92708
								2.24235e-05	0.92708	0.374863
								1	-2.20158e-05	0
								-8.41253	0.898543	4.63847
							}
							{VolumeView "d_a21.ply"}
						}
						{bone "d_a22"
							{Matrix34
								0	0.39413	-0.919055
								2.26098e-05	0.919055	0.39413
								1	-2.18344e-05	0
								-11.4563	0.882793	5.07231
							}
							{VolumeView "d_a22.ply"}
						}
						{bone "d_a23"
							{Matrix34
								0.126041	0.312967	-0.941364
								-0.0415072	0.949764	0.310202
								0.991156	-2.43123e-05	0.1327
								-18.9468	-4.40765	1.02585
							}
							{VolumeView "d_a23.ply"}
						}
						{bone "d_a24"
							{Matrix34
								0.156164	0.38929	-0.907781
								2.3728e-05	0.919055	0.394129
								0.987731	-0.0615697	0.143515
								-14.7323	1.22563	4.2731
							}
							{VolumeView "d_a24.ply"}
						}
						{bone "d_a25"
							{Matrix34
								0.357872	0.36802	-0.85819
								2.30027e-05	0.919055	0.39413
								0.933771	-0.141067	0.328895
								-17.7919	1.62753	3.60429
							}
							{VolumeView "d_a25.ply"}
						}
						{bone "d_a26"
							{Matrix34
								0.382741	0.184185	-0.90531
								0.222167	0.932819	0.283708
								0.896745	-0.309716	0.316108
								-21.0177	2.02221	2.31839
							}
							{VolumeView "d_a26.ply"}
						}
						{bone "d_a27"
							{Matrix34
								0.257753	0.0898789	-0.962021
								0.258401	0.952985	0.158267
								0.931017	-0.289381	0.22241
								-23.8947	3.15055	1.0881
							}
							{VolumeView "d_a27.ply"}
						}
						{bone "d_a28"
							{Matrix34
								0.128303	0.255469	-0.958266
								-0.0338785	0.966817	0.253213
								0.991156	-2.29221e-05	0.132701
								-14.351	-7.45528	1.24707
							}
							{VolumeView "d_a28.ply"}
						}
						{bone "d_a29"
							{Matrix34
								0.123035	0.374833	-0.918892
								-0.0497187	0.927093	0.37152
								0.991156	-2.31638e-05	0.132701
								-11.3657	-8.24777	1.70866
							}
							{VolumeView "d_a29.ply"}
						}
						{bone "d_a30"
							{Matrix34
								0.115518	0.374833	-0.919867
								-0.046679	0.927092	0.371915
								0.992208	-2.37986e-05	0.124593
								-8.33067	-8.34943	2.18779
							}
							{VolumeView "d_a30.ply"}
						}
						{bone "d_a31"
							{Matrix34
								0	0.290844	-0.956771
								2.47108e-05	0.956771	0.290844
								1	-2.4086e-05	0
								12.5457	-8.359	1.44187
							}
							{VolumeView "d_a31.ply"}
						}
						{bone "d_a32"
							{Matrix34
								-0.260097	0.146003	-0.95448
								-0.187665	0.962009	0.198294
								0.94717	0.230699	-0.222816
								20.9776	5.72901	2.67714
							}
							{VolumeView "d_a32.ply"}
						}
						{bone "d_a39"
							{Matrix34
								0	0.425084	-0.905154
								2.36121e-05	0.905154	0.425084
								1	-2.31945e-05	0
								6.35639	-13.0082	1.22618
							}
							{VolumeView "d_a39.ply"}
						}
						{bone "d_a34"
							{Matrix34
								0	0.201881	-0.97941
								2.46044e-05	0.97941	0.201881
								1	-2.40407e-05	0
								0.510258	9.08483	6.51688
							}
							{VolumeView "d_a34.ply"}
						}
						{bone "d_a38"
							{Matrix34
								0	0.201881	-0.97941
								2.46044e-05	0.97941	0.201881
								1	-2.40407e-05	0
								6.51211	4.81012	6.03497
							}
							{VolumeView "d_a38.ply"}
						}
						{bone "d_a37"
							{Matrix34
								0	0.201881	-0.97941
								2.46044e-05	0.97941	0.201881
								1	-2.40407e-05	0
								3.48247	5.89731	6.20002
							}
							{VolumeView "d_a37.ply"}
						}
						{bone "d_a16"
							{Matrix34
								0.965377	0.012053	-0.260579
								-0.0124801	0.999922	1.1935e-05
								0.26056	0.00324076	0.965452
								-26.8774	1.25131	-4.08569
							}
							{VolumeView "d_a16.ply"}
						}
					}
					{bone "gun_recoil"
						{Position 0	-8.66657	-34.2637}
					}
					{bone "antenna_point"
						{Matrix34
							1	0	0
							0	0	1
							0	-1	0
							-5.83659	20.3978	11.007
						}
					}
					{bone "cover2"
						{Matrix34
							0.983959	0	-0.178395
							0	1	0
							0.178395	0	0.983959
							9.04683	3.889	6.44878
						}
						{VolumeView "cover2.ply"}
					}
				}
				{bone "kreplenie_dz_k1_body"
					{Matrix34
						0.499999	-0.809282	-0.308322
						0.866025	0.467245	0.177995
						1.31026e-05	-0.356012	0.934481
						0.175818	-22.158	-0.7889
					}
					{VolumeView "kreplenie_dz_k1_body.ply"}
					{bone "d_a42"
						{Matrix34
							0	1.40518e-05	-1
							-0.865164	0.501489	1.33514e-05
							0.501489	0.865164	0
							23.2674	-32.7904	14.2065
						}
						{VolumeView "d_a42.ply"}
					}
					{bone "d_a43"
						{Matrix34
							0	1.40518e-05	-1
							-0.865164	0.501489	1.33514e-05
							0.501489	0.865164	0
							39.8957	-3.98933	14.2069
						}
						{VolumeView "d_a43.ply"}
					}
					{bone "d_a44"
						{Matrix34
							0	1.40518e-05	-1
							-0.865164	0.501489	1.33514e-05
							0.501489	0.865164	0
							27.7798	-2.20707	14.2069
						}
						{VolumeView "d_a44.ply"}
					}
					{bone "d_a45"
						{Matrix34
							0	1.40518e-05	-1
							-0.865164	0.501489	1.33514e-05
							0.501489	0.865164	0
