;MDL File generated by SOEdit Version Next (v0.7m4)
;Model created by: and
;Date: Tue Mar 02 19:10:47 2010
;File: D:\theGame\su-27\11su27.max
;Model create/rebuild by: MocKBu4
;Last build date: Tuesday 20 March 2023 [17:02:55]
{Skeleton
    {Animation
        {Sequence "open1" {Speed 0.1}}
        {Sequence "wheels"}
    }
    {Bone "basis"
        {Parameters "Wheelradius=0.2;"}
        {Orientation
            1	0	0
            0	-1	0
            0	0	1
        }
        {Bone "emit1"
            {Matrix34
                0	-1	0
                1	0	0
                0	0	1
                167.319	36.9521	11.3915
            }
            {Visibility 0}
        }
        {Bone "seat01"
            {Position -16.4603	-9.50332	10.9249}
        }
        {Bone "commander"
            {Position -0.284888	-8.00097	10.9249}
        }
        {Bone "driver"
            {Matrix34
                0.995508	0	0.0946818
                0	1	0
                -0.0946818	0	0.995508
                172.692	0.73325	51.3921
            }
        }
        {Bone "body"
            {Parameters "ID=body;"}
            {Matrix34
                0.99883	-0.0439107	-0.0202674
                0.0436192	0.998941	-0.0146068
                0.0208874	0.0137056	0.999688
                -13.6991	0.333562	57.8228
            }
            {VolumeView "body.ply"}
            {Bone "visor_radarx"
                {Position 235.986	8.75601	-3.31839}
            }
            {Bone "visor_ols"
                {Position 244.791	9.2261	-3.68161}
            }
            {Bone "r-27er_02"
                {Parameters "id=wingRight;"}
                {Matrix34
                    0.998852	0.0448005	0.0169843
                    -0.0398583	0.9737	-0.224325
                    -0.0265874	0.22339	0.974368
                    -65.3604	-4.14998	-15.82
                }
                {VolumeView "rocket06.ply"}
            }
            {Bone "shooter_r27_04"
                {Matrix34
                    0.999756	0	-0.0220782
                    0	1	0
                    0.0220782	0	0.999756
                    17.0014	-25.3991	-34.6857
                }
            }
            {Bone "shooter_r27_03"
                {Matrix34
                    0.999756	0	-0.0220782
                    0	1	0
                    0.0220782	0	0.999756
                    15.1014	25.5909	-34.9456
                }
            }
            {Bone "r-27er_03"
                {Parameters "id=wingRight;"}
                {Matrix34
                    0.998008	0.0525207	-0.0349344
                    -0.0590283	0.972871	-0.223695
                    0.022238	0.225312	0.974035
                    9.73954	24.65	-33.66
                }
                {VolumeView "rocket06.ply"}
            }
            {Bone "shooter_r27_02"
                {Matrix34
                    0.999756	0	-0.0220782
                    0	1	0
                    0.0220782	0	0.999756
                    -48.5285	-3.40909	-25.4156
                }
            }
            {Bone "shooter_r27_05"
                {Matrix34
                    0.999756	0	-0.0220782
                    0	1	0
                    0.0220782	0	0.999756
                    26.5014	-0.00909783	-22.4457
                }
            }
            {Bone "r-27er_04"
                {Parameters "id=wingRight;"}
                {Matrix34
                    0.997212	0.0644024	-0.0376647
                    -0.0712166	0.972157	-0.223252
                    0.022238	0.225312	0.974035
                    9.93954	-26.51	-33.25
                }
                {VolumeView "rocket06.ply"}
            }
            {Bone "r-27er_05"
                {Parameters "id=wingRight;"}
                {Matrix34
                    0.998852	0.0448005	0.0169843
                    -0.0398583	0.9737	-0.224325
                    -0.0265874	0.22339	0.974368
                    29.5396	-0.250028	-15.3101
                }
                {VolumeView "rocket06.ply"}
            }
            {Bone "body_systems"
                {Matrix34
                    0	-1	0
                    1	0	0
                    0	0	1
                    0	-45.377	16.048
                }
            }
            {Bone "engine"
                {Position -108.512	-4.39233	-9.55758}
                {Bone "engine2_exhaust"
                    {Matrix34
                        -1	0	0
                        0	1	0
                        0	0	-1
                        -20	19.6265	-1.56051
                    }
                }
                {Bone "engine1_exhaust"
                    {Matrix34
                        -1	0	0
                        0	1	0
                        0	0	-1
                        -20	-28.8259	-1.56051
                    }
                }
                {Bone "foresight_ltc"
                    {Matrix34
                        -1	0	0
                        0	1	0
                        0	0	-1
                        -20	0	-1.56051
                    }
                }
                {Bone "flare1_shooter"
                    {Matrix34
                        0.422499	0.90605	0.0238391
                        -0.906308	0.422619	0
                        -0.0100749	-0.0216056	0.999716
                        -20	0	-1.56051
                    }
                }
                {Bone "flare2_shooter"
                    {Matrix34
                        0.422498	-0.90605	-0.0238389
                        0.906308	0.422618	0
                        0.0100748	-0.0216054	0.999716
                        -20	0	-1.56051
                    }
                }
            }
            {Bone "retract_wheelr"
                {Parameters "id=retract_wheelR;"}
                {Position -0.528256	-40.2451	-9.67194}
                {VolumeView "retract_wheelr.ply"}
                {Bone revolute "wheelr"
                    {Parameters "ID=retract_wheelR;Radius=0.3;support;"}
                    {Matrix34
                        1	0	0
                        0	0	-1
                        0	1	0
                        3.36506	-5.86382	-37.0149
                    }
                    {VolumeView "wheelr.ply"}
                }
            }
            {Bone "retract_wheell"
                {Parameters "id=retract_wheelL;"}
                {Matrix34
                    0.999976	0	0.00688543
                    0	1	0
                    -0.00688543	0	0.999976
                    -2.9494	39.0619	-8.28205
                }
                {VolumeView "retract_wheell.ply"}
                {Bone revolute "wheell"
                    {Parameters "ID=retract_wheelR;Radius=0.3;support;"}
                    {Matrix34
                        0.999305	0	0.0372662
                        0.0372662	0	-0.999305
                        0	1	0
                        1.70676	6.5812	-37.8995
                    }
                    {VolumeView "wheell.ply"}
                }
            }
            {Bone "body_front"
                {Parameters "ID=body;"}
                {Position -1.64	-0.18	-0.2}
                {VolumeView "body_front.ply"}
                {Bone "nos"
                    {Parameters "ID=body;"}
                    {VolumeView "nos.ply"}
                }
                {Bone "cabine"
                    {Parameters "ID=Body;"}
                    {Matrix34
                        0.999998	0	0.00205469
                        0	1	0
                        -0.00205469	0	0.999998
                        145.207	6.5008	21.258
                    }
                    {VolumeView "cabine.ply"}
                }
                {Bone "__________________"
                    {Position 147.86	-1.30294	-7.81554}
                    {VolumeView "__________________.ply"}
                }
                {Bone "fx_smoke3_06"
                    {Position 226.37	3.93775	-1.53615}
                }
                {Bone "fx_smoke3_05"
                    {Position 113.818	3.93775	-1.53614}
                }
                {Bone "retract_wheelback"
                    {Parameters "ID=retract_wheelBack;"}
                    {Position 123.487	4.56964	-3.53352}
                    {VolumeView "retract_wheelback.ply"}
                    {Bone revolute "wheelback"
                        {Parameters "ID=retract_wheelR;Radius=0.25;support;"}
                        {Matrix34
                            1	0	0
                            0	0	-1
                            0	1	0
                            1.89163	0.253052	-44.165
                        }
                        {VolumeView "wheelback.ply"}
                    }
                }
                {Bone "stoyka_pered"
                    {Position 109.849	3.8329	-23.9403}
                }
                {Bone revolute "gun_rot"
                    {Matrix34
                        1	0	0
                        0	0	1
                        0	-1	0
                        234.57	9.54352	-12.0131
                    }
                    {Bone "foresight1"
                        {Matrix34
                            1	0	0
                            0	0	-1
                            0	1	0
                            39.6941	-7.04177	-1.08597
                        }
                    }
                }
                {Bone "______01"
                    {Parameters "ID=body;"}
                    {Position 0	0	-0.000160217}
                    {VolumeView "______01.ply"}
                }
            }
            {Bone revolute "missile_rot"
                {Limits -30 30}
                {Speed 0.05}
                {Matrix34
                    1	0	0
                    0	0	1
                    0	-1	0
                    0	-38.0736	-48.7186
                }
                {Bone revolute "missile_rot1"
                    {Limits -30 30}
                    {Speed 0.05}
                    {Matrix34
                        1	0	0
                        0	0	-1
                        0	1	0
                        1.2073	0	1.59463
                    }
                    {Bone "foresight3"
                        {Matrix34
                            1	0	0
                            0	0	1
                            0	-1	0
                            125.703	2.4182	0.21692
                        }
                    }
                }
            }
            {Bone revolute "missile2_rot"
                {Limits -30 30}
                {Speed 0.05}
                {Matrix34
                    1	0	0
                    0	0	1
                    0	-1	0
                    0	-38.0736	-48.7186
                }
                {Bone revolute "missile2_rot1"
                    {Limits -30 30}
                    {Speed 0.05}
                    {Matrix34
                        1	0	0
                        0	0	-1
                        0	1	0
                        1.2073	0	1.59463
                    }
                    {Bone "foresight2"
                        {Matrix34
                            1	0	0
                            0	0	1
                            0	-1	0
                            125.703	2.4182	0.21692
                        }
                    }
                }
            }
            {Bone "fx_smoke3_04"
                {Position 129.291	-18.8415	1.72149}
            }
            {Bone "enumerator"
                {Matrix34
                    -0.999712	-0.0103978	-0.0216279
                    -0.0212261	-0.0373062	0.999078
                    -0.011195	0.99925	0.0370747
                    -70.9317	43.4366	29.2755
                }
                {VolumeView "enumerator.ply"}
            }
        }
        {Bone "wingr1"
            {Parameters "id=wingright;"}
            {Matrix34
                0.996194	-0.0836533	-0.0244323
                0.0836778	0.996492	0
                0.0243465	-0.00204444	0.999703
                -13.3101	-97.2258	44.74
            }
            {VolumeView "wingr1.ply"}
            {Bone "fx_fire1_1"
                {Position 149.344	78.9267	14.3989}
            }
            {Bone "barrel01"
                {Position 141.814	84.8503	16.8858}
            }
            {Bone revolute "aileron2"
                {Parameters "ID=wingR1;"}
                {Limits -30 30}
                {Speed 2}
                {Matrix34
                    0.939693	-0.34202	0
                    0	0	-1
                    0.34202	0.939693	0
                    -30.4248	18.2367	12.0834
                }
                {VolumeView "aileron2.ply"}
            }
            {Bone "r73_00"
                {Parameters "id=wingRight;"}
                {Matrix34
                    0.998351	0.0567056	0.00888104
                    -0.0530855	0.971074	-0.232804
                    -0.0218254	0.231948	0.972483
                    -25.9532	-55.9923	8.77297
                }
                {VolumeView "rocket00.ply"}
            }
            {Bone "r73_03"
                {Parameters "id=wingRight;"}
                {Matrix34
                    0.998351	0.0567056	0.00888104
                    -0.0530855	0.971074	-0.232804
                    -0.0218254	0.231948	0.972483
                    -31.7532	-32.1881	2.01591
                }
                {VolumeView "rocket03.ply"}
            }
            {Bone "r-27er_00"
                {Parameters "id=wingRight;"}
                {Matrix34
                    0.998442	0.0558216	0
                    -0.0548069	0.980294	-0.18978
                    -0.0105938	0.189485	0.981824
                    -10.7585	2.46383	-0.744496
                }
                {VolumeView "rocket04.ply"}
            }
            {Bone "shooter_r73rvvsd_03"
                {Matrix34
                    0.999756	0	-0.0220782
                    0	1	0
                    0.0220781	0	0.999756
                    -30.3564	-31.9868	3.39678
                }
            }
            {Bone "shooter_r27_00"
                {Matrix34
                    0.999756	0	-0.0220782
                    0	1	0
                    0.0220782	0	0.999756
                    3.40143	4.51089	-0.70566
                }
            }
            {Bone "shooter_r73rvvsd_00"
                {Matrix34
                    0.999756	0	-0.0220782
                    0	1	0
                    0.0220781	0	0.999756
                    -27.1628	-55.6638	7.43267
                }
            }
        }
        {Bone "wingl1"
            {Parameters "id=wingLeft;"}
            {Matrix34
                0.999077	-0.0366338	-0.0218148
                0.0366431	0.999325	0
                0.0217999	-0.000799327	0.999754
                -10.93	99.81	44.35
            }
            {VolumeView "wingl1.ply"}
            {Bone "fx_fire1_02"
                {Position 8.12967	-36.6978	13.319}
            }
            {Bone revolute "aileron1"
                {Parameters "ID=wingL1;"}
                {Limits -30 30}
                {Speed 2}
                {Matrix34
                    0.784886	0.365998	0.5
                    -0.453154	-0.211309	0.866025
                    0.422618	-0.906308	0
                    -30.0817	-22.6139	13.3124
                }
                {VolumeView "aileron1.ply"}
            }
            {Bone "r73_01"
                {Parameters "id=wingLeft;"}
                {Matrix34
                    0.998884	0.0458554	0.0114809
                    -0.0419308	0.971646	-0.232691
                    -0.0218254	0.231948	0.972483
                    -32.4146	52.2557	9.19402
                }
                {VolumeView "rocket01.ply"}
            }
            {Bone "r73_02"
                {Parameters "id=wingLeft;"}
                {Matrix34
                    0.998351	0.0567056	0.00888104
                    -0.0530855	0.971074	-0.232804
                    -0.0218254	0.231948	0.972483
                    -31.7963	28.33	2.50383
                }
                {VolumeView "rocket02.ply"}
            }
            {Bone "r-27er_01"
                {Parameters "id=wingLeft;"}
                {Matrix34
                    0.998852	0.0448007	0.0169846
                    -0.0431124	0.99507	-0.0893177
                    -0.0209023	0.0884828	0.995859
                    -6.5492	-5.55488	-1.54441
                }
                {VolumeView "rocket05.ply"}
            }
            {Bone "shooter_r73rvvsd_01"
                {Matrix34
                    0.999756	0	-0.0220781
                    0	1	0
                    0.0220782	0	0.999756
                    -36.9044	53.3331	10.2426
                }
            }
            {Bone "shooter_r73rvvsd_02"
                {Matrix34
                    0.999756	0	-0.0220781
                    0	1	0
                    0.0220782	0	0.999756
                    -27.1897	30.2717	3.24462
                }
            }
            {Bone "shooter_r27_01"
                {Matrix34
                    0.999756	0	-0.0220783
                    0	1	0
                    0.0220783	0	0.999756
                    3.94277	-4.80418	-1.09928
                }
            }
        }
        {Bone revolute "elevator2"
            {Parameters "id=wingRight;"}
            {Limits -30 30}
            {Speed 2}
            {Matrix34
                1	0	0
                0	-0.00272469	0.999996
                0	-0.999996	-0.00272469
                -109.365	-51.0865	41.1572
            }
            {VolumeView "elevator2.ply"}
        }
        {Bone "hvostr"
            {Parameters "id=wingLeft;"}
            {Position -73.1808	-48.3319	53.7138}
            {VolumeView "hvostr.ply"}
            {Bone revolute "rudder2"
                {Parameters "id=body_back;"}
                {Limits -30 30}
                {Speed 2}
                {Matrix34
                    0.965926	0	0.258819
                    0	1	0
                    -0.258819	0	0.965926
                    -18.8528	-0.529694	24.5987
                }
                {VolumeView "rudder2.ply"}
            }
        }
        {Bone "hvostl"
            {Parameters "ID=wingLeft;"}
            {Position -76.9571	42.6392	54.2259}
            {VolumeView "hvostl.ply"}
            {Bone revolute "rudder1"
                {Parameters "id=flap3;"}
                {Limits -30 30}
                {Speed 2}
                {Matrix34
                    0.965926	0	0.258819
                    0	1	0
                    -0.258819	0	0.965926
                    -14.1331	-0.52964	22.3885
                }
                {VolumeView "rudder1.ply"}
            }
        }
        {Bone "leftkrihka1"
            {Position 23.9288	50.4699	54.8338}
            {VolumeView "leftkrihka1.ply"}
        }
        {Bone "leftkrihka2"
            {Position -14.2524	43.6033	45.2103}
            {VolumeView "leftkrihka2.ply"}
        }
        {Bone "rightkrihka1"
            {Position 22.9782	-47.6243	53.4483}
            {VolumeView "rightkrihka1.ply"}
        }
        {Bone "rightkrihka2"
            {Position -10.3768	-45.0913	50.5424}
            {VolumeView "rightkrihka2.ply"}
        }
        {Bone revolute "elevator1"
            {Parameters "id=wingLeft;"}
            {Limits -30 30}
            {Speed 2}
            {Matrix34
                1	0	0
                0	-0.0686091	0.997644
                0	-0.997644	-0.0686091
                -115.168	43.3823	41.5957
            }
            {VolumeView "elevator1.ply"}
        }
        {Bone "pivot_front"
            {Position 111.194	0.000746401	-0.793474}
            {Bone "support1"
                {Position -1.12779	0	0}
            }
            {Bone "support2"
                {Position -1.12781	0	0}
            }
        }
        {Bone "pivot_back"
            {Matrix34
                0.999421	-0.0340134	0
                0.0340134	0.999421	0
                0	0	1
                -17.4405	0.000746116	0.051826
            }
            {Bone "support3"
                {Matrix34
                    0.999421	0.0340134	0
                    -0.0340134	0.999421	0
                    0	0	1
                    9.42047	0.32061	-1.21891e-05
                }
            }
        }
    }
}
{Obstacle "rectangle1"
    {Obb2
        {Center -25.9647 -0.0300745}
        {Extent 75.3876 172.192}
        {Axis -1 0}
    }
    {Rotate}
}
{Obstacle "rectangle2"
    {Obb2
        {Center 63.6273 -8.94233}
        {Extent 197.893 17.9902}
        {Axis -1 0}
    }
    {Rotate}
}
{Volume "aileron1"
    {Polyhedron "aileron1.vol"}
    {Bone "aileron1"}
    {Matrix34
        0.852869	-0.492404	0.173648
        -0.150384	0.0868241	0.984808
        -0.5	-0.866025	0
        -4.1093	3.76057	-4.04965
    }
}
{Volume "aileron2"
    {Polyhedron "aileron2.vol"}
    {Bone "aileron2"}
    {Matrix34
        0.996195	0	0.0871557
        0.0871557	0	-0.996195
        0	1	0
        -5.58524	-3.511	-9.31877
    }
}
{Volume "body_front"
    {Polyhedron "body_front.vol"}
    {Bone "body_front"}
    {Position 171.761	6.20373	-14.6151}
}
{Volume "body"
    {Polyhedron "body.vol"}
    {Bone "body"}
    {Matrix34
        1	0	0
        0	0	1
        0	-1	0
        -22.9123	44.5081	-10.5928
    }
}
{Volume "cabine"
    {Polyhedron "cabine.vol"}
    {Bone "cabine"}
    {Matrix34
        0.996014	0	-0.0892025
        0	1	0
        0.0892025	0	0.996014
        31.8547	0.317302	-11.2689
    }
}
{Volume "elevator1"
    {Polyhedron "elevator1.vol"}
    {Bone "elevator1"}
    {Matrix34
        1	0	0
        0	-0.0686091	-0.997644
        0	0.997644	-0.0686091
        -0.17704	-2.03297	-25.8567
    }
}
{Volume "elevator2"
    {Polyhedron "elevator2.vol"}
    {Bone "elevator2"}
    {Matrix34
        1	0	0
        0	-0.00272469	-0.999996
        0	0.999996	-0.00272469
        -0.180946	0.51754	26.5458
    }
}
{Volume "engine"
    {Polyhedron "engine.vol"}
    {Bone "engine"}
    {Matrix34
        1	0	0
        0	0	1
        0	-1	0
        -17.77	32.3631	-3.54948
    }
}
{Volume "flap4"
    {Polyhedron "flap4.vol"}
    {Bone "rudder2"}
    {Matrix34
        0.965926	0	-0.258819
        0.258819	0	0.965926
        0	-1	0
        -10.0874	1.1077	1.79998
    }
}
{Volume "hvostl"
    {Polyhedron "hvostl.vol"}
    {Bone "hvostl"}
    {Matrix34
        1	0	0
        0	0	1
        0	-1	0
        2.84363	2.61259	35.0295
    }
}
{Volume "hvostr"
    {Polyhedron "hvostr.vol"}
    {Bone "hvostr"}
    {Matrix34
        1	0	0
        0	0	1
        0	-1	0
        -0.932686	1.98951	35.5416
    }
}
{Volume "nos"
    {Polyhedron "nos.vol"}
    {Bone "nos"}
    {Matrix34
        -0.0359352	0.999354	0
        0.173536	0.00624014	0.984808
        0.984172	0.0353893	-0.173648
        228.53	8.70104	-0.279301
    }
}
{Volume "retract_wheelback"
    {Polyhedron "retract_wheelback.vol"}
    {Bone "retract_wheelback"}
    {Matrix34
        0.984808	0	0.173648
        0	1	0
        -0.173648	0	0.984808
        6.88628	0.391427	-36.9785
    }
}
{Volume "retract_wheell"
    {Polyhedron "retract_wheell.vol"}
    {Bone "retract_wheell"}
    {Matrix34
        0.999976	0	-0.00688543
        0	-1	0
        -0.00688543	0	-0.999976
        0.437569	0.520905	-34.2352
    }
}
{Volume "retract_wheelr"
    {Polyhedron "retract_wheelr.vol"}
    {Bone "retract_wheelr"}
    {Matrix34
        1	0	0
        0	-1	0
        0	0	-1
        1.06132	0.188232	2.59019
    }
}
{Volume "rocket00"
    {Cylinder 6.21503 64.1228}
    {Bone "r73_00"}
    {Matrix34
        0.0210664	0.972349	0.232579
        0.00888123	-0.232804	0.972483
        0.999739	-0.0184214	-0.0135398
        1.68175	-0.398324	-1.49386
    }
}
{Volume "rocket01"
    {Polyhedron "rocket01.vol"}
    {Bone "r73_01"}
    {Matrix34
        0.0210665	0.972349	0.232579
        0.00888108	-0.232804	0.972483
        0.999739	-0.0184215	-0.0135399
        -31.6545	1.42659	-0.316185
    }
}
{Volume "rocket02"
    {Polyhedron "rocket02.vol"}
    {Bone "r73_02"}
    {Matrix34
        0.0210665	0.972349	0.232579
        0.00888108	-0.232804	0.972483
        0.999739	-0.0184215	-0.0135399
        -30.9655	1.05359	0.588333
    }
}
{Volume "rudder1"
    {Polyhedron "rudder1.vol"}
    {Bone "rudder1"}
    {Matrix34
        0.965926	0	-0.258819
        0.258819	0	0.965926
        0	-1	0
        -10.5591	1.73072	3.68441
    }
}
{Volume "wheelback"
    {Polyhedron "wheelback.vol"}
    {Bone "wheelback"}
    {Matrix34
        0	1	0
        1	0	0
        0	0	-1
        -0.0443649	-0.0250158	2.53365
    }
}
{Volume "wheell"
    {Polyhedron "wheell.vol"}
    {Bone "wheell"}
    {Matrix34
        0.999025	0.0441462	0
        -0.0441462	0.999025	0
        0	0	1
        -0.230202	-0.413648	4.12558
    }
}
{Volume "wheelr"
    {Polyhedron "wheelr.vol"}
    {Bone "wheelr"}
    {Matrix34
        1	0	0
        0	-1	0
        0	0	-1
        -0.127563	0.39296	3.20861
    }
}
{Volume "wingl1"
    {Polyhedron "wingl1.vol"}
    {Bone "wingl1"}
    {Position -5.69953	1.38554	11.152}
}
{Volume "wingr1"
    {Polyhedron "wingr1.vol"}
    {Bone "wingr1"}
    {Position 0.58678	-16.397	9.43839}
}
{Volume "ecm"
    {Box 9.84252 7.87402 3.93701}
    {Bone "body_systems"}
    {Position -49.7566	219.615	-11.3604}
}
{Volume "electronics1"
    {Polyhedron "electronics1.vol"}
    {Bone "body_systems"}
    {Matrix34
        0.00698116	-0.99998	0
        0.99998	0.00698116	0
        0	0	1
        -54.0072	190	-12.295
    }
}
{Volume "engine1"
    {Polyhedron "engine1.vol"}
    {Bone "body_systems"}
    {Matrix34
        0.851726	0	-0.523985
        0.523985	0	0.851726
        0	1	0
        -14.303	-116.585	-25.2376
    }
}
{Volume "engine2"
    {Box 100 10 10}
    {Bone "body_systems"}
    {Matrix34
        -0.045379	0.787018	0
        -1.81009	-0.104369	0
        0	0	1
        -66.303	-83.5939	-25.8376
    }
}
{Volume "fuel_tank_internal_a"
    {Polyhedron "fuel_tank_internal_a.vol"}
    {Bone "body_systems"}
    {Matrix34
        -0.0418757	0.999123	0
        -0.999123	-0.0418757	0
        0	0	1
        -48.7391	96.2999	-12.8271
    }
}
{Volume "fuel_tank_internal_b1"
    {Polyhedron "fuel_tank_internal_b1.vol"}
    {Bone "body_systems"}
    {Matrix34
        0.0749789	-0.997184	0
        0.997184	0.0749789	0
        0	0	1
        -19.86	-19.3679	-24.497
    }
}
{Volume "fuel_tank_internal_b2"
    {Polyhedron "fuel_tank_internal_b2.vol"}
    {Bone "body_systems"}
    {Matrix34
        -0.0523364	0.998631	0
        -0.998631	-0.0523364	0
        0	0	1
        -64.2599	-25.2087	-20.4969
    }
}
{Volume "fuel_tank_internal_b"
    {Polyhedron "fuel_tank_internal_b.vol"}
    {Bone "body_systems"}
    {Matrix34
        -0.85355	0.521008	0
        -0.521008	-0.85355	0
        0	1	1
        -98.4555	10.69	-18.7733
    }
}
{Volume "hydrosystem10"
    {Box 1.9685 1.9685 5.90551}
    {Bone "body_systems"}
    {Position 50.5459	-32.3962	-27.8777}
}
{Volume "hydrosystem11"
    {Box 1.9685 1.9685 5.90551}
    {Bone "body_systems"}
    {Position -128.054	-29.6059	-23.5777}
}
{Volume "hydrosystem1"
    {Box 1.9685 1.9685 1.9685}
    {Bone "body_systems"}
    {Position -53.9721	178.932	-11.6979}
}
{Volume "hydrosystem2"
    {Box 1.9685 1.9685 1.9685}
    {Bone "body_systems"}
    {Position 25.5194	-96.4628	-35.154}
}
{Volume "hydrosystem3"
    {Box 1.9685 1.9685 1.9685}
    {Bone "body_systems"}
    {Position -89.4804	-99.5378	-30.054}
}
{Volume "hydrosystem4"
    {Box 9.84252 1.9685 1.9685}
    {Bone "body_systems"}
    {Position 47.254	-10.4903	-16.394}
}
{Volume "hydrosystem5"
    {Box 9.84252 1.9685 1.9685}
    {Bone "body_systems"}
    {Position -112.746	-6.98452	-15.194}
}
{Volume "hydrosystem_tank"
    {Box 9.84252 7.87402 3.93701}
    {Bone "body_systems"}
    {Position -40.386	-57.3999	-18.0804}
}
{Volume "hydrosystem"
    {Box 1.9685 1.9685 1.9685}
    {Bone "body_systems"}
    {Position -42.2528	123.831	-22.973}
}
